-0.38980237 0.32706371 -0.0032455656 0.26146543 0.1999155 -0.096665092 0.34324512 0.011651785 0.34965423 0.21160614 0.11563395 0.25840333 0.13749765 0.003354765 -0.23164874 -0.12131587 0.3470473 -0.36688361 0.033401165 0.44419071 -0.055222683 0.43704081 0.042184297 0.13344251 -0.0049032117 0.23748058 -0.23866737 -0.42016065 -0.15203294 0.19154526 -0.2639944 -0.12913717
-0.39000985 0.32558551 -0.0037363654 0.26410064 0.20007685 -0.096172325 0.34393477 0.012614279 0.35039949 0.21283954 0.11684898 0.25964093 0.13869612 0.0039767371 -0.23221152 -0.1201368 0.3475965 -0.3660109 0.034036886 0.44453293 -0.054705489 0.43577197 0.042689476 0.133665 -0.0043821139 0.23697424 -0.23781368 -0.42036495 -0.15211402 0.19341734 -0.264893 -0.12956081
-0.39051268 0.32908392 -0.0029903408 0.258398 0.20010319 -0.097358279 0.34254333 0.0098182522 0.34809789 0.20934872 0.1147427 0.25561324 0.13686463 0.0014985456 -0.23188354 -0.12292078 0.34749568 -0.36705679 0.032452822 0.4446024 -0.055138126 0.43844843 0.041679338 0.13367698 -0.004969581 0.23704398 -0.23981422 -0.41909194 -0.15229206 0.19267397 -0.262274 -0.12841269
-0.38974279 0.32685623 -0.0032647781 0.26106092 0.20039764 -0.097098105 0.34327966 0.011237566 0.35014749 0.2118789 0.11569602 0.25900581 0.13738155 0.0027113659 -0.23138073 -0.1222079 0.34695646 -0.36682236 0.0329368 0.44400573 -0.055393059 0.43672511 0.041672222 0.13362065 -0.0049217883 0.23813051 -0.23869242 -0.4206818 -0.15187003 0.19199897 -0.2633799 -0.12940946
-0.38995081 0.3259095 -0.0036184476 0.26260322 0.20060234 -0.096583046 0.34374854 0.011928478 0.35056004 0.21247679 0.11647984 0.25948605 0.13788877 0.0032717732 -0.23208287 -0.12130021 0.34718388 -0.36688733 0.033569884 0.4445464 -0.054972224 0.43611735 0.041918568 0.13367921 -0.0047211093 0.2379186 -0.23834589 -0.42035487 -0.15220821 0.19213957 -0.26419705 -0.12979306
-0.38981339 0.32624123 -0.0034640504 0.26318598 0.19950032 -0.096502289 0.34370816 0.01238905 0.34988788 0.21232675 0.11623669 0.25898457 0.13832287 0.0039391224 -0.23189534 -0.1202474 0.34732866 -0.36639014 0.033955805 0.4443135 -0.055179246 0.43635967 0.042707946 0.13349961 -0.004515816 0.2369277 -0.23809506 -0.42020723 -0.15209778 0.19235025 -0.26486599 -0.12912524
-0.39016595 0.32547951 -0.0038508053 0.26495823 0.19961467 -0.096104175 0.34411976 0.013002628 0.35006383 0.21284637 0.1170975 0.25945926 0.13932861 0.0042969235 -0.23246714 -0.11932105 0.34788603 -0.36551714 0.034373019 0.44458795 -0.054631509 0.43564847 0.043202702 0.13372716 -0.0040459083 0.23624207 -0.23755804 -0.4201633 -0.15215668 0.19440435 -0.26540598 -0.12922309
-0.39045051 0.3278079 -0.003460001 0.2613906 0.20016398 -0.096448787 0.34305391 0.011489626 0.3487336 0.21059942 0.11578831 0.25739291 0.13800816 0.0030427899 -0.23241149 -0.12099257 0.34753135 -0.36607605 0.033358358 0.4444207 -0.054583423 0.43764117 0.042539705 0.13369663 -0.0045955633 0.23666042 -0.23893805 -0.41962388 -0.1520938 0.19398472 -0.26377749 -0.12863837
-0.39004704 0.32720044 -0.0034482211 0.2615335 0.20061083 -0.096434169 0.34309217 0.011595862 0.3496953 0.21140835 0.11590467 0.25859508 0.13769361 0.0031607726 -0.23197101 -0.1215007 0.34715989 -0.36628917 0.033204708 0.44417694 -0.054715801 0.43711495 0.042128343 0.1336498 -0.0048230756 0.23755775 -0.23874444 -0.42038357 -0.15188704 0.19310726 -0.2636044 -0.12922661
-0.39000914 0.32603505 -0.0036820818 0.26292327 0.20077667 -0.096171036 0.34360188 0.012118876 0.35047838 0.2124075 0.1165731 0.2595138 0.138007 0.0035311584 -0.23222502 -0.12099998 0.34727493 -0.36646765 0.03365143 0.44453728 -0.054589786 0.43624163 0.042140223 0.13366029 -0.0047194306 0.23770772 -0.23830016 -0.42042452 -0.15209714 0.19277135 -0.26424566 -0.12977937
-0.38996974 0.32655123 -0.0035173362 0.2626991 0.20003246 -0.096356891 0.34350547 0.012128866 0.34981689 0.21195644 0.11619184 0.25882113 0.13810405 0.0036904253 -0.23210254 -0.12061232 0.34729186 -0.36638492 0.033746056 0.44439006 -0.05491719 0.43666118 0.04250164 0.13357015 -0.0046363892 0.23714279 -0.23836742 -0.42015976 -0.15209581 0.19263467 -0.26447758 -0.12924446
-0.39004254 0.3264406 -0.003636922 0.26321515 0.20021549 -0.096101634 0.34351322 0.0123594 0.34986404 0.21204907 0.11643589 0.25905371 0.13837446 0.0039037038 -0.23228918 -0.12031128 0.34739414 -0.36596882 0.03385425 0.44439843 -0.054659847 0.43657878 0.042671733 0.13364223 -0.0045373412 0.23699367 -0.23824045 -0.42029321 -0.15203379 0.19346188 -0.26457024 -0.12927085
-0.39014581 0.32650393 -0.0036919413 0.26310453 0.20052175 -0.095968381 0.34345302 0.012286745 0.34987023 0.21193297 0.11649346 0.25901529 0.13829501 0.0038132453 -0.23245744 -0.1204124 0.34740788 -0.36598438 0.033813424 0.4444949 -0.054458831 0.43666834 0.042578485 0.1336776 -0.0045850794 0.23709293 -0.23834302 -0.42024076 -0.1520633 0.19364068 -0.26444808 -0.12936071
-0.39011008 0.32552841 -0.0038022664 0.26458585 0.19980705 -0.096133515 0.34404671 0.012832656 0.35019508 0.21283086 0.11698849 0.25951037 0.13905486 0.0041524121 -0.23237111 -0.11966274 0.34777069 -0.36574456 0.034234092 0.44457942 -0.054659437 0.43570793 0.042983931 0.13369787 -0.0041911914 0.23654424 -0.23767421 -0.42022014 -0.15215108 0.19396922 -0.26519468 -0.12936664
-0.39029753 0.32715163 -0.0035778827 0.26241794 0.20010543 -0.09627986 0.34331489 0.011991459 0.34918836 0.21126322 0.11614065 0.25814015 0.13829701 0.0035024851 -0.2324463 -0.12048386 0.34749979 -0.36595836 0.033670526 0.44442716 -0.054601975 0.43715438 0.042697728 0.13367806 -0.0045047863 0.2366956 -0.23858687 -0.41987011 -0.15208575 0.1938943 -0.26429558 -0.1288601
-0.39030501 0.32842192 -0.0031853463 0.25954837 0.20051868 -0.096831366 0.34263077 0.010611166 0.3487888 0.21014965 0.11517426 0.25700787 0.13711149 0.0023039568 -0.23185414 -0.1224341 0.34723079 -0.3666923 0.032665126 0.44422781 -0.054815292 0.43797785 0.041841853 0.13365382 -0.0049892687 0.23740119 -0.23939013 -0.41979268 -0.15197732 0.19285795 -0.26271766 -0.12879162
-0.39011949 0.32804945 -0.0031519013 0.25879434 0.2012507 -0.097026028 0.34261426 0.010169219 0.3496131 0.21059249 0.11513658 0.25767431 0.1364027 0.0017646083 -0.23154013 -0.12358149 0.34688422 -0.3674728 0.032256018 0.44421938 -0.054888599 0.43762833 0.041017424 0.13363726 -0.0053319945 0.23855047 -0.23953974 -0.42015058 -0.15195021 0.19148166 -0.2621772 -0.12944824
-0.3897084 0.32666671 -0.0032891149 0.26073092 0.20072982 -0.096991897 0.34328106 0.011134902 0.35050103 0.21199031 0.1157054 0.25908384 0.13694939 0.0026261909 -0.23142698 -0.12259405 0.34677908 -0.367477 0.032895245 0.44421312 -0.055279374 0.43665138 0.041328635 0.13352856 -0.005141505 0.23861715 -0.23883796 -0.42052475 -0.15201183 0.19071609 -0.26329309 -0.12979552
-0.38974127 0.32604313 -0.0034435787 0.26259387 0.19996098 -0.096684068 0.34371471 0.012026927 0.35037959 0.21251218 0.11619186 0.25929034 0.13786764 0.0035063846 -0.23171933 -0.12107641 0.3471472 -0.36690727 0.033643864 0.44436166 -0.055254534 0.43617657 0.042159207 0.13350545 -0.0047355234 0.23763888 -0.23824157 -0.42033783 -0.15212716 0.19149764 -0.26441973 -0.12956212
-0.38997349 0.32663125 -0.0035045291 0.2626884 0.19997101 -0.09635397 0.34347701 0.012140735 0.3497296 0.21189162 0.11615928 0.25875053 0.13813674 0.0037202907 -0.23209494 -0.12055796 0.34730357 -0.36631405 0.033750691 0.44435722 -0.054920584 0.43672112 0.042559896 0.13356824 -0.004618986 0.23706178 -0.23837039 -0.42015508 -0.15207513 0.19274144 -0.2644839 -0.12917042
-0.39006662 0.32590425 -0.0037500965 0.26407287 0.20004389 -0.096064672 0.34380168 0.012676165 0.35009018 0.21251982 0.11678566 0.25940096 0.13877894 0.0041001919 -0.23236145 -0.11990234 0.34758741 -0.36578041 0.034088071 0.44449037 -0.054623954 0.43608665 0.042861108 0.13368098 -0.0043421183 0.23676552 -0.23790853 -0.42031395 -0.1520801 0.19383401 -0.26493928 -0.12934722
-0.39033213 0.32757908 -0.0034731277 0.2614145 0.20047688 -0.096315138 0.34304741 0.01151549 0.34910965 0.21086222 0.11584587 0.25780317 0.13779056 0.0031199295 -0.23235436 -0.12117637 0.34737581 -0.36628366 0.033338781 0.444435 -0.054552641 0.437493 0.042337842 0.13366716 -0.0047455165 0.23705436 -0.23892257 -0.41982153 -0.15208104 0.19345681 -0.26372707 -0.12895776
-0.39003575 0.32729813 -0.0034028748 0.26124513 0.20068146 -0.096427128 0.34302697 0.011460896 0.3496801 0.21131469 0.11579345 0.25847098 0.13749622 0.003086441 -0.23194204 -0.12167289 0.34710565 -0.36649257 0.033144817 0.44421735 -0.054740153 0.43720809 0.042017724 0.13361968 -0.0049203634 0.23766717 -0.2388458 -0.42031869 -0.15192364 0.19271523 -0.26350296 -0.12928598
-0.38998121 0.3263965 -0.0035937368 0.2623097 0.20088454 -0.096215986 0.34340036 0.01187886 0.35034147 0.2121053 0.11631874 0.25928447 0.1377181 0.0033756718 -0.2321326 -0.12132297 0.347146 -0.3665989 0.033465963 0.44445753 -0.05462807 0.43655092 0.041995704 0.13363186 -0.0048565222 0.2378715 -0.23851621 -0.42043114 -0.1520523 0.19249178 -0.26396537 -0.12973665
-0.39001486 0.32722256 -0.0033573199 0.26126227 0.20040575 -0.096507296 0.343137 0.011476305 0.34960726 0.2113339 0.11572691 0.25828108 0.13744971 0.0031360143 -0.23194195 -0.12153394 0.34710902 -0.36679396 0.033270705 0.44433084 -0.054915957 0.43719232 0.042052578 0.13354939 -0.0049305572 0.23756903 -0.23884478 -0.42006949 -0.15206498 0.19207633 -0.26372463 -0.12925972
-0.38993251 0.3267265 -0.0034851457 0.26212794 0.20053166 -0.096296027 0.34329131 0.011861218 0.3500039 0.21185946 0.11608159 0.25896472 0.13774721 0.0034645111 -0.23199382 -0.12118956 0.34714103 -0.36646751 0.033456061 0.44430849 -0.054789416 0.43679553 0.042180832 0.13358679 -0.0048356769 0.23760055 -0.23854873 -0.42039317 -0.15198822 0.19252631 -0.26399118 -0.12945504
-0.39044815 0.32963175 -0.0027601847 0.25658545 0.20054822 -0.097747214 0.34214407 0.0087792948 0.34814122 0.20885165 0.11426532 0.25501508 0.13597579 0.00059533597 -0.2315148 -0.12439243 0.34734032 -0.36770341 0.031831425 0.44471943 -0.055348843 0.43873954 0.040905382 0.13370715 -0.005321207 0.2377032 -0.24031349 -0.41909435 -0.15235047 0.19169813 -0.26116163 -0.12861066
-0.38982525 0.32804045 -0.0028638546 0.25784829 0.20072481 -0.098015137 0.34272707 0.0095754471 0.34971464 0.21076275 0.11468106 0.25766316 0.13605437 0.001126221 -0.23079063 -0.12442938 0.34667298 -0.36807027 0.031870533 0.44392413 -0.055850111 0.43739605 0.04056225 0.13363896 -0.0053771511 0.23896499 -0.23957255 -0.42036924 -0.15191181 0.19032528 -0.26185215 -0.12935133
-0.38971603 0.32678267 -0.0031971885 0.25984657 0.20079581 -0.097510345 0.34330514 0.010660653 0.35050058 0.21180992 0.11549862 0.25888652 0.13662599 0.0020899607 -0.23127745 -0.12330133 0.34663033 -0.36801767 0.032601118 0.44420484 -0.055652793 0.43671197 0.040886253 0.13360178 -0.0052184076 0.23902757 -0.23907873 -0.42044908 -0.15211552 0.19009992 -0.26289317 -0.12980767
-0.38960999 0.3269105 -0.0031036574 0.26074445 0.19991328 -0.097089477 0.34329796 0.011308465 0.35002124 0.21182117 0.11541634 0.25854617 0.13701527 0.002949585 -0.23123492 -0.12206331 0.34682226 -0.3675665 0.033135995 0.44412562 -0.055563413 0.43686008 0.041701898 0.13335888 -0.0050962013 0.23808204 -0.23876595 -0.42023993 -0.15206034 0.19022465 -0.26369378 -0.12935305
-0.38988873 0.32694992 -0.0033678762 0.26154706 0.20041336 -0.096486412 0.3432126 0.011614985 0.34988517 0.21166305 0.11582015 0.25866899 0.13747671 0.0032676924 -0.23182946 -0.1214985 0.34704962 -0.36678723 0.033318356 0.44427624 -0.054970875 0.43696201 0.042034749 0.13352847 -0.0049399771 0.23770994 -0.23870477 -0.42027617 -0.15201725 0.19189416 -0.26382172 -0.12939748
-0.39012018 0.3277415 -0.0032686219 0.26019716 0.20076106 -0.096608333 0.34284943 0.010941722 0.34942847 0.210832 0.11543785 0.25782862 0.13702719 0.0026350431 -0.23186827 -0.12226935 0.34705734 -0.36698592 0.032875709 0.44431385 -0.054816555 0.43755379 0.041716345 0.13358006 -0.0051065045 0.23782861 -0.23919241 -0.41999927 -0.15203118 0.19201244 -0.26307517 -0.12926283
-0.38983136 0.32631359 -0.0034933507 0.2622737 0.20056646 -0.096440628 0.34346262 0.011857048 0.35040784 0.21228245 0.11619584 0.25936565 0.13770474 0.0033608503 -0.23183702 -0.12139612 0.3471095 -0.36666799 0.03342472 0.44432539 -0.054909185 0.43642056 0.041998927 0.13357832 -0.0048531545 0.23787732 -0.23842117 -0.42053118 -0.15200469 0.19212097 -0.26399729 -0.12968814
-0.39040166 0.32958859 -0.0027054292 0.25654477 0.20026405 -0.097943902 0.34223828 0.0087590246 0.3480933 0.20888451 0.11418966 0.25492224 0.13598566 0.00055240112 -0.23141526 -0.12436838 0.34733841 -0.36784074 0.031856369 0.44471496 -0.055565003 0.43871084 0.040921677 0.1336716 -0.0052964166 0.23764364 -0.24029641 -0.41899261 -0.15240477 0.19137669 -0.26125535 -0.12852739
-0.38958466 0.32677141 -0.003096441 0.26032919 0.20034707 -0.09758684 0.34334177 0.010789844 0.35036698 0.21203004 0.1154433 0.25905111 0.13694456 0.0022540831 -0.23097877 -0.12292018 0.34679204 -0.36744529 0.032672256 0.44395918 -0.055867761 0.4365851 0.041215848 0.13358961 -0.0050867391 0.23862348 -0.23879537 -0.42074409 -0.15191811 0.19087784 -0.26307988 -0.12956238
-0.38986945 0.32605049 -0.0034810791 0.26197785 0.2004084 -0.096991338 0.34375244 0.011635667 0.35049009 0.21235818 0.11621182 0.25929105 0.13764553 0.0029919099 -0.23183796 -0.12170549 0.34705493 -0.36726975 0.033390544 0.44446251 -0.055366725 0.43620375 0.041699972 0.13366479 -0.0047952062 0.23811436 -0.23848303 -0.42030618 -0.15225092 0.19146872 -0.26400641 -0.1297178
-0.38979423 0.32705706 -0.0032114973 0.26154855 0.19961564 -0.096788898 0.34331885 0.011716788 0.34953168 0.21161664 0.11560635 0.25827628 0.13760743 0.0033890356 -0.23159361 -0.12114628 0.34710109 -0.36688018 0.033475135 0.44416183 -0.055326715 0.43701476 0.042299818 0.13341577 -0.0048243781 0.23729202 -0.23860298 -0.42007184 -0.15205202 0.19154994 -0.26414275 -0.12897176
-0.39005154 0.32695091 -0.0035237358 0.26204726 0.20066832 -0.096170798 0.34318712 0.011835895 0.34980407 0.21159887 0.11608577 0.25876144 0.13778539 0.00345601 -0.23216613 -0.12112693 0.34719095 -0.36630648 0.033445343 0.44433954 -0.05461137 0.43700022 0.042242024 0.13362879 -0.0048174779 0.23748174 -0.23864265 -0.4203169 -0.15198205 0.1929851 -0.26391658 -0.1293669
-0.39042333 0.32935262 -0.0028704712 0.25716189 0.2007343 -0.097464323 0.34222078 0.0091630435 0.3483828 0.20916151 0.11446501 0.25554878 0.13612498 0.00094950228 -0.23160666 -0.12407599 0.34726143 -0.36756584 0.031963535 0.44460431 -0.055137478 0.43855819 0.041019589 0.13368879 -0.0053095645 0.23779367 -0.24014308 -0.41929615 -0.15224603 0.19182058 -0.26144072 -0.12876923
-0.38985369 0.32804364 -0.0029212888 0.25801325 0.20085751 -0.09779226 0.34268197 0.0096955318 0.34974223 0.21073841 0.11475442 0.25768605 0.13608189 0.0012598971 -0.23093227 -0.1242931 0.34667963 -0.36798027 0.031937148 0.44398612 -0.055642277 0.43744519 0.040630195 0.13362217 -0.0053874846 0.23893127 -0.23958167 -0.42034745 -0.15191439 0.1904296 -0.26190373 -0.12940833
-0.38992018 0.32816076 -0.0028933103 0.25739905 0.20087473 -0.097976238 0.34268484 0.0094501432 0.34968153 0.21047331 0.11463028 0.25728035 0.13580713 0.0010028927 -0.23099966 -0.12466192 0.34659553 -0.36851811 0.031839248 0.44416162 -0.055724408 0.43759605 0.040386248 0.13360088 -0.0054729334 0.23911437 -0.23982488 -0.42000014 -0.15210791 0.1896057 -0.26171389 -0.12944396
-0.3898257 0.32919088 -0.0024446298 0.25556853 0.20012356 -0.098646738 0.34228459 0.0084822942 0.34895143 0.20963584 0.11375061 0.25576693 0.13521662 0.0001997767 -0.23034148 -0.12555933 0.34668285 -0.36892375 0.031365372 0.44411492 -0.056232486 0.43812954 0.040182643 0.13346665 -0.0056042699 0.23883709 -0.24021851 -0.41963604 -0.15212655 0.18871559 -0.26097119 -0.12890899
-0.389864 0.32901019 -0.0025415858 0.25537699 0.20057806 -0.098850898 0.34232661 0.0082610399 0.3492716 0.20978546 0.11386989 0.25617066 0.13515286 -0.00017667055 -0.23034875 -0.12607589 0.34657755 -0.36901781 0.031114541 0.44404942 -0.056255501 0.43788776 0.03982234 0.1336167 -0.0055895564 0.23929864 -0.24025814 -0.41989419 -0.15206209 0.18887465 -0.26069507 -0.12915534
-0.38977289 0.331002 -0.001905927 0.25118101 0.20000671 -0.10094564 0.341501 0.0052008056 0.34808642 0.20770615 0.11273588 0.25267708 0.13392684 -0.0030303006 -0.22988075 -0.12886003 0.34697554 -0.3696056 0.03007731 0.44525483 -0.057803869 0.43890786 0.038524862 0.13405947 -0.0055703032 0.23916 -0.2415815 -0.41911682 -0.15281466 0.18855838 -0.25820091 -0.12835032
-0.38956237 0.32880902 -0.0022145566 0.25374526 0.20027253 -0.10073169 0.34268168 0.0070750415 0.34942403 0.21002129 0.11342733 0.25627208 0.13455281 -0.0014684652 -0.22951475 -0.12754022 0.34618911 -0.37032026 0.03054123 0.4438099 -0.057990797 0.43738663 0.038700301 0.13389814 -0.0055632843 0.24027641 -0.24040282 -0.42023832 -0.15219977 0.18732876 -0.26012182 -0.12912321
-0.38970354 0.32883692 -0.002289121 0.2541644 0.20019865 -0.10018791 0.34269074 0.0075560738 0.34927291 0.20982298 0.11353166 0.25598806 0.13474305 -0.00089369476 -0.22992966 -0.12699267 0.34626529 -0.37025917 0.030822989 0.44404659 -0.057601232 0.43770471 0.039068397 0.13379763 -0.0056051118 0.23992378 -0.24048248 -0.41978115 -0.15242592 0.187253 -0.2603808 -0.12908687
-0.38954872 0.32997274 -0.0019057164 0.25272459 0.19952153 -0.10036762 0.34208295 0.0068260818 0.34868291 0.20899168 0.11280514 0.25433472 0.13418761 -0.0015776318 -0.22941473 -0.12751257 0.34654608 -0.370096 0.030531621 0.4442167 -0.057397291 0.43832603 0.03908404 0.13349767 -0.0057160836 0.23939183 -0.24081771 -0.41944382 -0.15236819 0.18713836 -0.25966951 -0.12852348
-0.38944602 0.32787848 -0.0026104008 0.25648859 0.20049161 -0.099102162 0.34287769 0.0088401977 0.35014507 0.21098197 0.11421198 0.25773323 0.13533697 0.0002821669 -0.23011552 -0.12569138 0.34620681 -0.369286 0.031406913 0.44379991 -0.056840442 0.43713498 0.039700951 0.13360181 -0.0055375462 0.23991238 -0.23980738 -0.42050132 -0.15202384 0.18803635 -0.26137364 -0.12953861
-0.38961422 0.3279725 -0.0026980024 0.25716704 0.20036004 -0.098461881 0.34286734 0.0093828784 0.34981042 0.21074916 0.1143638 0.25739542 0.13560885 0.00099030475 -0.23058091 -0.12478786 0.34637049 -0.36904287 0.031845946 0.44403517 -0.056421831 0.43744808 0.040231857 0.13350746 -0.0055262563 0.23933072 -0.23977618 -0.42007014 -0.15218465 0.18832788 -0.26185206 -0.12941226
-0.38953722 0.32781473 -0.0027836715 0.25832155 0.20025402 -0.097735859 0.34281138 0.010109801 0.34986487 0.21106555 0.11461028 0.25777084 0.13596207 0.0018004403 -0.23068546 -0.12380359 0.34649876 -0.36836451 0.032265805 0.44395193 -0.055876106 0.43740034 0.040825881 0.13334131 -0.00547656 0.23887525 -0.23943172 -0.4202525 -0.151989 0.18901998 -0.2624281 -0.12936069
-0.38999176 0.33064595 -0.0022408746 0.25351623 0.20033275 -0.099345237 0.34164611 0.0066859354 0.34807804 0.20802695 0.11328863 0.25343633 0.13471696 -0.0014218778 -0.23071302 -0.12684035 0.34716144 -0.36862779 0.030893425 0.44524139 -0.05667305 0.43904832 0.039603498 0.13386476 -0.0055205631 0.23846455 -0.24115755 -0.41912794 -0.15266679 0.18998326 -0.25937706 -0.12852719
-0.38959745 0.32808214 -0.0026189801 0.25636455 0.20075276 -0.099177331 0.34282696 0.0085680485 0.34986877 0.21072203 0.1142316 0.25754958 0.13538472 8.5609769e-05 -0.23028855 -0.12569761 0.34633687 -0.36910075 0.031363126 0.44388708 -0.056927294 0.43724775 0.039636239 0.13378754 -0.0054797311 0.23979253 -0.23987742 -0.42053178 -0.15206109 0.18892395 -0.26120985 -0.12947971
-0.38966972 0.32753274 -0.0028532671 0.25770307 0.20071441 -0.098493546 0.34309497 0.009539824 0.35006416 0.21105087 0.11472158 0.25795695 0.13584062 0.001096423 -0.23085542 -0.124626 0.34634137 -0.36900464 0.031968299 0.44412237 -0.056525238 0.43718508 0.040133845 0.13370231 -0.0054248781 0.23952986 -0.2396711 -0.42024988 -0.15228549 0.1888199 -0.26200935 -0.12961766
-0.38941771 0.3272714 -0.0028594278 0.2593312 0.20003195 -0.097565807 0.34307739 0.010708524 0.35011661 0.21160842 0.11492554 0.2583138 0.13628185 0.002366446 -0.23075387 -0.1230465 0.34651336 -0.36823633 0.032678664 0.4439505 -0.055843223 0.43708056 0.041101277 0.13327377 -0.0053646434 0.2387317 -0.23908903 -0.42035812 -0.15202041 0.18911906 -0.26305231 -0.12938455
-0.38994455 0.32810557 -0.0030230314 0.25878999 0.20073721 -0.097132429 0.34266442 0.01023724 0.3494665 0.21057007 0.11490886 0.25742215 0.13633284 0.0019820787 -0.23140347 -0.1233261 0.34679815 -0.36772069 0.032419868 0.44424802 -0.055254206 0.43772286 0.04115333 0.13351111 -0.0053542107 0.23837648 -0.23953496 -0.41999224 -0.15205413 0.19059047 -0.26244864 -0.12932804
-0.39008451 0.32951561 -0.0026038385 0.25580087 0.20062259 -0.0982209 0.34210026 0.0084203314 0.34869465 0.20920165 0.11393601 0.25543764 0.13543107 0.00018130719 -0.23090371 -0.12533163 0.34692681 -0.36832619 0.031421434 0.44443393 -0.055785526 0.43842173 0.040331461 0.13363683 -0.0055130692 0.23852357 -0.24036819 -0.41955841 -0.15218982 0.19017301 -0.26078877 -0.12892088
-0.38965061 0.32762781 -0.0029325597 0.25807527 0.20096672 -0.097980969 0.34284911 0.0097064776 0.35021999 0.21115647 0.11481597 0.25821656 0.13592394 0.001200924 -0.23081186 -0.12451188 0.34645283 -0.36834183 0.031922594 0.44398472 -0.055895448 0.43716136 0.040346131 0.13360488 -0.0054420074 0.23941891 -0.23954125 -0.42055589 -0.15195543 0.18962 -0.26194695 -0.12969354
-0.38959995 0.32696426 -0.00310647 0.25971264 0.20059772 -0.097469158 0.34320718 0.010670576 0.35037008 0.21169159 0.1152925 0.25870723 0.13650236 0.0022348608 -0.2311842 -0.12319449 0.34653583 -0.36810601 0.032647356 0.44416037 -0.055778529 0.43688032 0.040959775 0.1335156 -0.0052806297 0.23895149 -0.23912621 -0.42042145 -0.15211351 0.18963373 -0.26297387 -0.12973142
-0.38966218 0.32726556 -0.0030973605 0.26029265 0.20026059 -0.096946381 0.3430571 0.011090973 0.34990332 0.21147965 0.11528682 0.25834477 0.13679747 0.0028258676 -0.23133136 -0.12232018 0.3467488 -0.36754811 0.032981608 0.44414359 -0.05541129 0.43716332 0.041574314 0.13339353 -0.0052038613 0.23821411 -0.23898707 -0.42026693 -0.15202834 0.19033766 -0.26338574 -0.12939303
-0.38984236 0.32685107 -0.0034160502 0.26155534 0.20075785 -0.096356131 0.34316111 0.011604014 0.35012555 0.21177249 0.11590063 0.25894576 0.13735373 0.0032742675 -0.23188238 -0.12164475 0.34694391 -0.36683553 0.033285689 0.44430771 -0.054873377 0.43691084 0.041880149 0.13355342 -0.005016855 0.23799798 -0.23873632 -0.42045322 -0.15199764 0.19179472 -0.26372859 -0.12961201
-0.39023894 0.33063975 -0.0024423378 0.25474632 0.20039766 -0.098620035 0.34169263 0.0073165749 0.34773344 0.20791246 0.11368462 0.253425 0.13533324 -0.00069891755 -0.23135352 -0.12564331 0.34747079 -0.36782455 0.031410381 0.44544554 -0.056145031 0.43927413 0.040278651 0.13390253 -0.0053349924 0.23773864 -0.2409939 -0.41895223 -0.15271755 0.19156766 -0.25993195 -0.12835892
-0.3896876 0.32779419 -0.0028119292 0.25760472 0.20093709 -0.09857285 0.34292352 0.0091940053 0.34991851 0.21096891 0.11466198 0.25802708 0.13589063 0.00074429467 -0.23070198 -0.12477859 0.34650087 -0.36842158 0.031770166 0.44395807 -0.056521837 0.4371835 0.040101003 0.1338277 -0.0053557651 0.23943497 -0.23961498 -0.42065829 -0.15202506 0.19012985 -0.26170471 -0.12952444
-0.38973767 0.32703483 -0.0030915719 0.25902495 0.20094155 -0.097947888 0.34327847 0.01018721 0.35029507 0.2114577 0.11525274 0.25857294 0.13633208 0.001720147 -0.23129208 -0.12376788 0.34646761 -0.36850253 0.032405313 0.44425887 -0.05614613 0.43693855 0.040500212 0.13375404 -0.0052844957 0.23930827 -0.23937076 -0.42037454 -0.15230267 0.18973258 -0.26256689 -0.1297787
-0.38953665 0.32750246 -0.0028719669 0.25939217 0.19999194 -0.097392544 0.34300163 0.010757725 0.34981486 0.21134217 0.11491017 0.25799647 0.13638623 0.0024811355 -0.23092839 -0.12278349 0.34662649 -0.36804497 0.032764211 0.44401422 -0.055693142 0.43729943 0.041295093 0.13328066 -0.0053284806 0.23842435 -0.23913361 -0.42018723 -0.15204662 0.1895487 -0.26311186 -0.12923163
-0.38977638 0.32668331 -0.0034071922 0.26160672 0.20074216 -0.096431993 0.3432304 0.011609069 0.3502951 0.21195692 0.11592723 0.25912777 0.13732715 0.0032468343 -0.23178859 -0.12172711 0.34691069 -0.36692515 0.03327233 0.44429192 -0.054956701 0.43676358 0.041807726 0.13354099 -0.0050296411 0.23812175 -0.23868117 -0.42052871 -0.15199627 0.19157249 -0.26373887 -0.12969863
-0.39000267 0.32736155 -0.0033513419 0.26081511 0.20080975 -0.096447386 0.34298494 0.011253194 0.34972656 0.21120775 0.11564995 0.25829864 0.13714558 0.0029540875 -0.23196393 -0.12193618 0.34697479 -0.36697081 0.033102859 0.44436932 -0.054831542 0.43732253 0.041782174 0.13356772 -0.0050798608 0.23792732 -0.23903178 -0.42016017 -0.15205799 0.19182536 -0.26341102 -0.12944128
-0.38989908 0.3272388 -0.0033444879 0.2610046 0.20079589 -0.096421637 0.34299102 0.011357445 0.34987742 0.21140954 0.11568532 0.25857618 0.13718836 0.0030719787 -0.23184201 -0.12189834 0.34693107 -0.36686027 0.0331131 0.44426197 -0.054865569 0.43719941 0.041810576 0.13355646 -0.0050790291 0.23798706 -0.2389235 -0.4203718 -0.15197004 0.19184798 -0.26345226 -0.12948659
-0.39028278 0.32939261 -0.0028050987 0.2567814 0.20084587 -0.097609915 0.34217095 0.0089375181 0.34857446 0.20919584 0.11431274 0.25557575 0.13584885 0.0007341982 -0.23146525 -0.12446526 0.347114 -0.36781269 0.031816095 0.44463459 -0.055307467 0.43853348 0.040754385 0.13367142 -0.0054085627 0.2381227 -0.24025318 -0.41942811 -0.15225413 0.19123229 -0.26121736 -0.12892704
-0.38981658 0.32827663 -0.0028289449 0.25738946 0.20089483 -0.097994432 0.3425813 0.0093482751 0.34967867 0.21051797 0.11451528 0.257397 0.13580367 0.00093812676 -0.23082437 -0.12471031 0.34659958 -0.36824635 0.031743124 0.44401401 -0.055804562 0.43757966 0.040394381 0.13362107 -0.0054663662 0.23909587 -0.23977213 -0.42029744 -0.15195589 0.18999647 -0.2616066 -0.1294191
-0.38959607 0.32666811 -0.003202213 0.26003766 0.20083205 -0.097428262 0.34330019 0.010752871 0.35066494 0.21197225 0.11551375 0.25912222 0.13661188 0.0022125919 -0.23124136 -0.12322267 0.34655097 -0.36798227 0.032647558 0.44417772 -0.055679291 0.43663916 0.040888079 0.1335759 -0.0052353684 0.23911387 -0.23902294 -0.42060828 -0.15208182 0.18995343 -0.26297438 -0.12990974
-0.38975191 0.32778195 -0.0029471326 0.25919667 0.20018695 -0.097303964 0.34290132 0.010530006 0.34955862 0.2109368 0.11489619 0.25762478 0.1364429 0.0022709623 -0.23119777 -0.12294118 0.34673735 -0.36790493 0.032656841 0.44416744 -0.055591751 0.43751243 0.041311473 0.13339201 -0.0053031673 0.2382798 -0.23932154 -0.41997895 -0.15210098 0.18993931 -0.26290238 -0.12923045
-0.39002782 0.32892931 -0.0027843511 0.25732028 0.20055777 -0.097635701 0.34234515 0.0093879998 0.34893206 0.2098065 0.11435785 0.25633943 0.13594745 0.0011725811 -0.23111561 -0.12420028 0.34689274 -0.36790255 0.031933364 0.44425076 -0.055500913 0.43815431 0.040873382 0.13355245 -0.0054154708 0.23829183 -0.23992629 -0.41976601 -0.1520676 0.19055407 -0.26166454 -0.12900548
-0.39010781 0.33006212 -0.0024211984 0.2540755 0.20073766 -0.099071465 0.34185788 0.0072271801 0.34854791 0.20862769 0.11353653 0.25455743 0.13488172 -0.0010969932 -0.23062564 -0.12676403 0.34695107 -0.36878914 0.030799596 0.44464549 -0.056239404 0.43856326 0.039595027 0.13381734 -0.0055563832 0.23889749 -0.24083479 -0.41946548 -0.15232825 0.18989319 -0.25972858 -0.12884489
-0.38979751 0.32925108 -0.0023477324 0.25397721 0.20050229 -0.099853583 0.34232351 0.007299752 0.34921664 0.20952801 0.11347269 0.25571892 0.13471012 -0.0012305257 -0.22995906 -0.12724985 0.34645361 -0.36968201 0.03059428 0.44404206 -0.057015777 0.43781999 0.039120916 0.13378352 -0.0055900472 0.23976161 -0.24055316 -0.4199129 -0.15217213 0.18819351 -0.25999719 -0.12910341
-0.38937461 0.32740268 -0.0027048788 0.25729197 0.20037921 -0.098920025 0.34311286 0.009343341 0.35039726 0.21139868 0.11448835 0.25820902 0.13559221 0.0007748247 -0.23024817 -0.12516946 0.34616739 -0.36926693 0.031720862 0.44384035 -0.056836847 0.43691468 0.039901488 0.13356452 -0.0054813316 0.23988566 -0.23959453 -0.42052776 -0.15209885 0.18787056 -0.26184437 -0.12963872
-0.38943946 0.3271898 -0.0028790773 0.25912935 0.20008181 -0.097781904 0.34315941 0.010517981 0.35019547 0.21160237 0.11491726 0.25833574 0.13623199 0.0021325652 -0.23076469 -0.12336485 0.34645432 -0.36846101 0.032569494 0.44400483 -0.056071561 0.43700129 0.040919397 0.13334927 -0.0053654183 0.23892489 -0.23917159 -0.42031506 -0.15209551 0.18876809 -0.26293007 -0.12948854
-0.38969129 0.32735083 -0.003097957 0.26011699 0.2003773 -0.096949585 0.342998 0.010984442 0.3498939 0.21139555 0.11525538 0.25830048 0.13673395 0.0027184638 -0.23133162 -0.12248443 0.34674263 -0.36754638 0.032889705 0.44413915 -0.055372171 0.43721294 0.041503984 0.13341497 -0.0052326671 0.2382786 -0.23905022 -0.42028052 -0.1520085 0.19038993 -0.26324198 -0.12942126
-0.39015675 0.32904586 -0.0028310206 0.25725254 0.20072295 -0.097536832 0.34230533 0.0093013681 0.34881565 0.20960139 0.11440825 0.25610882 0.13594882 0.0010877431 -0.23133187 -0.12419869 0.34698328 -0.36785728 0.031942539 0.44442436 -0.055349652 0.43829119 0.040863384 0.13359621 -0.005410945 0.23821521 -0.24003416 -0.41960353 -0.15215428 0.19084722 -0.26157188 -0.12901123
-0.38963684 0.32695904 -0.0031817271 0.26005822 0.20090759 -0.097194955 0.34310353 0.010746779 0.35046351 0.2117942 0.11544742 0.25900093 0.13665922 0.0022767035 -0.23123601 -0.12310316 0.34665078 -0.36756957 0.032610696 0.44408956 -0.055451497 0.43682757 0.04105651 0.13356699 -0.0052465666 0.23889281 -0.23902418 -0.42071065 -0.15193212 0.19062813 -0.26288441 -0.12979561
-0.38976163 0.32653442 -0.0033717959 0.26128933 0.20061262 -0.09683463 0.34340158 0.011415793 0.35038421 0.21200627 0.11587066 0.25907114 0.13721201 0.0029528015 -0.23171301 -0.12203246 0.34683844 -0.3673788 0.033194534 0.44435161 -0.055286288 0.43663526 0.041565001 0.13356575 -0.0050244392 0.23833799 -0.238747 -0.42038876 -0.15214013 0.19095042 -0.26368898 -0.12973779
-0.38995895 0.32820928 -0.0029806714 0.25921759 0.20019813 -0.097081691 0.34272751 0.010501082 0.34908691 0.21048243 0.11488135 0.25712419 0.13665098 0.0023098171 -0.2314426 -0.12268488 0.34695715 -0.36744431 0.032684449 0.44423333 -0.055328377 0.43783242 0.04158482 0.13345926 -0.0052039861 0.23779833 -0.23939978 -0.41981453 -0.15207884 0.19095971 -0.26283401 -0.12897758
-0.38984397 0.32707134 -0.0033471736 0.26087549 0.20097345 -0.096573174 0.34303185 0.011230635 0.35015059 0.21160512 0.11571985 0.25886482 0.13709292 0.0028497325 -0.23171391 -0.122244 0.34687114 -0.36695075 0.032961991 0.4442105 -0.054924771 0.43701831 0.041583117 0.13358992 -0.0051123924 0.23829658 -0.23891371 -0.4205586 -0.15192632 0.19176425 -0.26326707 -0.12964353
-0.38996786 0.32730192 -0.0033327264 0.26042649 0.20101716 -0.096611962 0.34298173 0.011038831 0.34993914 0.21126094 0.11560463 0.25841513 0.13691372 0.0026804735 -0.23185953 -0.12239526 0.34686655 -0.36724779 0.032919139 0.4443619 -0.054899357 0.43725181 0.041481581 0.13358234 -0.0051718056 0.23829801 -0.23912564 -0.42023134 -0.15206563 0.19142802 -0.26315665 -0.12960541
-0.38983512 0.32744735 -0.0032062663 0.26034346 0.20064567 -0.096693411 0.34292197 0.01105517 0.34979492 0.21124686 0.11540011 0.25828528 0.13689554 0.0027964411 -0.23159973 -0.12231325 0.34684175 -0.36720911 0.032924816 0.44420698 -0.055093456 0.43731526 0.041618038 0.13349855 -0.0051811482 0.23813398 -0.23907083 -0.42028469 -0.15198603 0.19116545 -0.26321986 -0.1294308
-0.39023662 0.32957098 -0.0027112805 0.25626549 0.20075363 -0.097869158 0.34209415 0.0086243171 0.34851587 0.20904954 0.11412759 0.2553058 0.13566551 0.00042783265 -0.23129286 -0.1248499 0.34709388 -0.36797953 0.031644549 0.44464266 -0.055498682 0.438586 0.040583003 0.13367821 -0.0054413788 0.23820499 -0.24036801 -0.4194068 -0.15227261 0.19094287 -0.26095393 -0.12887503
-0.38976094 0.3280974 -0.0028452205 0.25749472 0.20092495 -0.098064214 0.34266052 0.00938405 0.34984049 0.21069902 0.11457566 0.25763372 0.13580537 0.0009397812 -0.23078555 -0.12473918 0.34654185 -0.36831862 0.031754177 0.44399047 -0.055890732 0.43744424 0.04032407 0.13363168 -0.0054612225 0.23923738 -0.23971994 -0.42039499 -0.15195389 0.18985228 -0.2616576 -0.12950145
-0.38956186 0.32636872 -0.0032420289 0.26053825 0.20065698 -0.09742438 0.34347451 0.010975112 0.35077181 0.21224274 0.1156725 0.25933239 0.13682359 0.0024075797 -0.23126563 -0.12291894 0.3466081 -0.36792821 0.032824975 0.44421282 -0.055755641 0.43640935 0.041020967 0.13357778 -0.0051416582 0.23899184 -0.23884176 -0.42062044 -0.15212524 0.18998951 -0.26325658 -0.12992857
-0.38962215 0.32647359 -0.0032686298 0.26180339 0.19986691 -0.096826002 0.34350246 0.011777152 0.35017291 0.212182 0.11579898 0.25894094 0.13746163 0.0033884556 -0.23151286 -0.12137087 0.34693542 -0.36723784 0.033498924 0.44424272 -0.055444658 0.43656144 0.042003188 0.13341056 -0.0049071228 0.23781864 -0.23848374 -0.42030755 -0.15210925 0.19077642 -0.26420739 -0.12941794
-0.38992104 0.32666817 -0.0035103224 0.26255032 0.2002784 -0.09620513 0.34335732 0.012093848 0.34987202 0.21189526 0.11615031 0.25891438 0.13795865 0.0037486453 -0.2320984 -0.12072905 0.34718642 -0.36635539 0.033688065 0.44434625 -0.05482984 0.4367801 0.04242846 0.13357183 -0.0047317729 0.23731256 -0.23843998 -0.42031732 -0.15203147 0.19260424 -0.26433358 -0.12932888
-0.39037085 0.32881182 -0.00309116 0.25868937 0.20077135 -0.096901044 0.34244558 0.010065669 0.34864131 0.20972371 0.11491824 0.25641164 0.13667318 0.0018405262 -0.23191494 -0.12298673 0.34723237 -0.36705735 0.03245623 0.4445014 -0.054842889 0.43827447 0.041513637 0.13366376 -0.0051539084 0.2375824 -0.23974033 -0.41956306 -0.15213643 0.19240721 -0.26225397 -0.12887947
-0.38978076 0.3268292 -0.0033420913 0.26094854 0.20096235 -0.096756816 0.34315774 0.011190084 0.35036698 0.21186124 0.11577905 0.25913376 0.13711132 0.002721247 -0.2315906 -0.12238883 0.34685993 -0.36701381 0.032913931 0.4441781 -0.055075787 0.43678862 0.041463975 0.13361478 -0.0050891191 0.23845744 -0.23883049 -0.4206886 -0.15191986 0.19169702 -0.26324409 -0.12973361
-0.38986531 0.32636321 -0.0035040195 0.26193032 0.20069319 -0.096563339 0.34347177 0.011699444 0.35039565 0.21212089 0.11614601 0.25922278 0.13752383 0.0031953722 -0.23196343 -0.12159396 0.34699023 -0.36703211 0.033393204 0.44444045 -0.05501749 0.43652177 0.041794579 0.13361083 -0.0049026697 0.23809166 -0.2385968 -0.42038545 -0.15214065 0.19166379 -0.26393253 -0.12974656
-0.38979253 0.32626837 -0.0034870303 0.26298329 0.19990498 -0.096354924 0.34358951 0.012286103 0.35006812 0.21231294 0.11624017 0.25915554 0.13810758 0.0038907959 -0.23192967 -0.12051664 0.34721515 -0.36646733 0.033847924 0.44433516 -0.05505722 0.436416 0.042513359 0.1335175 -0.0046488964 0.23724219 -0.23820002 -0.4203462 -0.15206985 0.1922088 -0.2646482 -0.12934583
-0.39008465 0.32632628 -0.003720626 0.26349685 0.20038243 -0.095922612 0.34353194 0.012474079 0.34993377 0.21211606 0.11659364 0.25917456 0.13844922 0.0040215864 -0.23247109 -0.12014252 0.34741291 -0.36590719 0.03396507 0.44449803 -0.054517169 0.43652508 0.042707358 0.13367437 -0.0045135831 0.23698977 -0.23820727 -0.42030254 -0.15206885 0.19363143 -0.26468831 -0.1293586
-0.39028469 0.32785246 -0.0034000333 0.26086333 0.2006937 -0.096301615 0.34284908 0.011265053 0.3490932 0.2106519 0.11565056 0.25766507 0.13748524 0.0029749849 -0.23226459 -0.12155574 0.34725395 -0.36642158 0.033156734 0.44440696 -0.054559465 0.4376964 0.042145006 0.13365772 -0.0048923087 0.23728538 -0.23910464 -0.41990152 -0.15204343 0.1931619 -0.26339766 -0.12902488
-0.38994911 0.32683203 -0.0035161176 0.26183468 0.20098382 -0.096198291 0.34314528 0.011701032 0.35012966 0.21177068 0.11608528 0.25908515 0.13755383 0.0033051064 -0.23205243 -0.12151751 0.34704605 -0.36647406 0.03329885 0.44430965 -0.054629281 0.43689474 0.041962691 0.13363789 -0.0049372809 0.23791482 -0.23868862 -0.42055473 -0.15193655 0.19265413 -0.26369458 -0.12960941
-0.38996011 0.32624468 -0.003640464 0.26271784 0.20078206 -0.096125662 0.34348065 0.012076228 0.35035691 0.21222405 0.11643323 0.25938278 0.13787928 0.0035992595 -0.23223494 -0.12099326 0.34716395 -0.36652976 0.033649448 0.44451079 -0.054649454 0.4364602 0.042139076 0.13363653 -0.0047845379 0.23773608 -0.23841083 -0.42042395 -0.15209585 0.19253379 -0.26423165 -0.12973292
-0.38999137 0.32706729 -0.0034439971 0.26189214 0.20039798 -0.096266441 0.34318227 0.011794941 0.3496429 0.21149182 0.11592115 0.25851217 0.13770352 0.0034926196 -0.23210789 -0.1210544 0.34713864 -0.36650592 0.033504076 0.44435754 -0.054814488 0.43711483 0.042284116 0.13356881 -0.0048362138 0.2373932 -0.23869465 -0.42017832 -0.1520481 0.19247064 -0.26403195 -0.12925552
-0.39000031 0.32671362 -0.0035869116 0.26246306 0.20075482 -0.096016109 0.3432501 0.012025172 0.34998974 0.21183096 0.1162491 0.25905889 0.13787706 0.0036630016 -0.23224427 -0.12091886 0.3471711 -0.36624265 0.033584438 0.4443858 -0.054562263 0.43684182 0.042292431 0.13363682 -0.0047973827 0.23751862 -0.238529 -0.42043316 -0.15198986 0.19300067 -0.26409853 -0.12949398
-0.39013129 0.32738197 -0.003463296 0.26117951 0.2010172 -0.096169651 0.34295085 0.011417386 0.3496494 0.21114337 0.11584005 0.25833759 0.13735279 0.0031103157 -0.23222986 -0.12164413 0.34708643 -0.36662641 0.033209462 0.44443524 -0.054535061 0.43737456 0.041943025 0.13363203 -0.0050057806 0.23774764 -0.23899563 -0.42016852 -0.1520386 0.19260949 -0.26348767 -0.12942439
-0.3898997 0.32681569 -0.003486251 0.26186499 0.20084645 -0.096198127 0.34316531 0.011743342 0.35010523 0.21178761 0.11603498 0.25903147 0.13752186 0.00340452 -0.2320262 -0.12142108 0.34701294 -0.36658898 0.033369709 0.44433045 -0.05472206 0.43690255 0.042002838 0.13359398 -0.0049546948 0.23787341 -0.23867728 -0.42049211 -0.15197736 0.19230406 -0.26381323 -0.12960082
-0.39032304 0.32993996 -0.0026813892 0.25610968 0.20065057 -0.097917639 0.34200642 0.0083658462 0.34814861 0.20861837 0.11406455 0.2546317 0.13573435 0.00022356678 -0.23153369 -0.12475906 0.34730956 -0.36773372 0.031708356 0.44499126 -0.055560894 0.43889135 0.04066734 0.13375473 -0.0053474074 0.23784581 -0.24055187 -0.4191708 -0.15245268 0.1915686 -0.26078403 -0.12866908
-0.38953984 0.32673299 -0.0031142326 0.26011154 0.20075193 -0.097605877 0.34330755 0.010593399 0.35054305 0.21202485 0.1154305 0.25923014 0.13673098 0.0020780938 -0.231067 -0.12317818 0.34665251 -0.36762965 0.032581992 0.44403887 -0.055937335 0.43660617 0.040925443 0.13365902 -0.0051647979 0.2389738 -0.23892696 -0.42087537 -0.15197417 0.19072121 -0.26289344 -0.12978718
-0.38983512 0.32671955 -0.0033201571 0.26070398 0.20071931 -0.09714333 0.34339964 0.011077788 0.35023195 0.21172927 0.11572292 0.25881439 0.13704249 0.0026081747 -0.23175582 -0.12239182 0.34677398 -0.36767092 0.03302858 0.44439703 -0.055542883 0.43680051 0.041304465 0.13366982 -0.0050558317 0.23851325 -0.23896271 -0.42027682 -0.15226384 0.19085351 -0.26342952 -0.12969702
-0.38974419 0.32766253 -0.0030187836 0.26003489 0.20002334 -0.096980698 0.34294075 0.011012755 0.34947205 0.21110624 0.11510605 0.25783405 0.13684188 0.00280362 -0.23133047 -0.12219045 0.3468532 -0.36740097 0.032968484 0.44410044 -0.055393144 0.43745795 0.041739136 0.13338073 -0.0051548397 0.23786776 -0.23906615 -0.42009372 -0.15201922 0.19072776 -0.26333225 -0.12907699
-0.38996136 0.32724226 -0.0033886258 0.26085782 0.20110139 -0.096373662 0.34294844 0.011249784 0.34997755 0.21137951 0.11574046 0.25864312 0.13709861 0.0029183445 -0.2319178 -0.12211912 0.34692389 -0.36688241 0.033011764 0.4443073 -0.054720305 0.43720397 0.041658584 0.13359989 -0.0051234132 0.23816875 -0.23899828 -0.42040944 -0.15196554 0.19199312 -0.26326495 -0.12960859
-0.38999957 0.32763565 -0.003258578 0.25996059 0.20102839 -0.096646026 0.34281838 0.010819319 0.34973615 0.21097152 0.11540727 0.25808376 0.13675874 0.002518283 -0.23178779 -0.12261927 0.34687036 -0.3672615 0.032770399 0.44432542 -0.054883286 0.43747517 0.041432921 0.13357092 -0.0052324259 0.23826671 -0.23926754 -0.42017418 -0.15203039 0.19142699 -0.262916 -0.12950829
-0.38972935 0.32625356 -0.0034692129 0.26225734 0.20057382 -0.096429594 0.34345233 0.011870345 0.3505128 0.21236731 0.11615936 0.25947511 0.13759932 0.0034336357 -0.23178294 -0.12141989 0.34700093 -0.36681271 0.033453476 0.44432184 -0.055004288 0.43639806 0.041941538 0.13354732 -0.0049073831 0.23801072 -0.23842466 -0.42060223 -0.15201648 0.19169867 -0.26404169 -0.12976652
-0.38995433 0.325773 -0.0036907524 0.26370844 0.20010911 -0.096233614 0.34383893 0.012486615 0.35032982 0.21264365 0.11668111 0.25948071 0.13845067 0.0039165444 -0.23222753 -0.12028228 0.34741858 -0.36630505 0.034004223 0.4445518 -0.054830723 0.43599391 0.042559944 0.13363139 -0.0044833017 0.2371597 -0.23799896 -0.42029983 -0.15216754 0.19282007 -0.26485592 -0.1295549
-0.39011702 0.32718834 -0.0034903171 0.26219514 0.20012197 -0.096272096 0.34322363 0.011939233 0.34931198 0.21132332 0.11598673 0.25825277 0.1380517 0.0035884927 -0.23226139 -0.12064697 0.34731168 -0.36616215 0.033630937 0.44435406 -0.05476239 0.43719715 0.042586602 0.1336139 -0.004641348 0.2369325 -0.23862806 -0.42002973 -0.15204982 0.193215 -0.26423097 -0.12896138
-0.39004532 0.32649696 -0.0036816162 0.26306018 0.20066577 -0.095928833 0.34337544 0.012288295 0.35001928 0.21201335 0.1164826 0.25924706 0.13821903 0.0038560461 -0.23236179 -0.1205395 0.34729931 -0.3659277 0.033749588 0.44439667 -0.054465253 0.43665662 0.042506799 0.13368258 -0.0046385298 0.2372832 -0.23833884 -0.42047891 -0.15197307 0.19361016 -0.26433742 -0.12944262
-0.39046538 0.32931694 -0.0029597541 0.25765088 0.20080531 -0.097236499 0.34227166 0.0093754372 0.34834817 0.20917054 0.11461402 0.25558519 0.13633497 0.0011548892 -0.23188882 -0.12365665 0.34733424 -0.36729774 0.032161839 0.44475162 -0.054997668 0.43859455 0.041201141 0.13371657 -0.0052209194 0.2376164 -0.2401063 -0.41928744 -0.15229335 0.19231592 -0.26164815 -0.12877183
-0.38972107 0.32731971 -0.0031223309 0.25971317 0.20084468 -0.097294219 0.34298301 0.010553049 0.35012934 0.21144828 0.11528091 0.25863409 0.13666387 0.0021168834 -0.23122536 -0.12317979 0.34671491 -0.36743012 0.032498926 0.44402573 -0.05549911 0.4370614 0.041092653 0.13361779 -0.0052175578 0.23871218 -0.23913243 -0.42065203 -0.1519002 0.19107434 -0.26270556 -0.129582
-0.38986546 0.32707435 -0.0032872013 0.26011461 0.20102787 -0.097005226 0.34312409 0.010838202 0.3502062 0.21145999 0.11556044 0.25863168 0.13674064 0.0023929132 -0.23167986 -0.12282965 0.34671906 -0.36766192 0.032776952 0.44433725 -0.055252716 0.43704951 0.041149091 0.13361832 -0.0052108434 0.23870382 -0.23916009 -0.4203178 -0.15213433 0.19080026 -0.26301444 -0.12974502
-0.38990924 0.32874134 -0.0027313249 0.25764009 0.20020024 -0.097629733 0.34248912 0.0096519422 0.3489508 0.21001843 0.11434413 0.25643665 0.13599619 0.0014801156 -0.23102881 -0.12382399 0.34685069 -0.36803824 0.032152627 0.44422665 -0.055654597 0.43809664 0.041033223 0.13343431 -0.0054171472 0.23818539 -0.23979798 -0.41969138 -0.15211785 0.19004105 -0.26202798 -0.12894118
-0.38973573 0.3272365 -0.0031840492 0.2598747 0.20099227 -0.097044572 0.34296155 0.010700346 0.35024384 0.21150157 0.11537914 0.25870723 0.13662024 0.0022881157 -0.23134983 -0.12307984 0.34669048 -0.36748618 0.032586198 0.44411832 -0.055272978 0.43706042 0.041119877 0.13356631 -0.0052750129 0.23876315 -0.23913388 -0.42059043 -0.15192705 0.19084504 -0.26279452 -0.12971328
-0.38996953 0.32805324 -0.0030282035 0.25850505 0.20086955 -0.097325779 0.34271795 0.010053926 0.34956869 0.21055524 0.11489929 0.25743353 0.1362119 0.0017213058 -0.23140992 -0.1236392 0.34674472 -0.36795363 0.032300536 0.44429946 -0.055353247 0.43768457 0.040922232 0.1335571 -0.0053828093 0.23861367 -0.2396315 -0.41995654 -0.15212312 0.19038385 -0.26227975 -0.12941994
-0.38983408 0.32845601 -0.0027931905 0.25768167 0.20050606 -0.097671084 0.34252241 0.0096596163 0.34935692 0.21034092 0.11446019 0.2570008 0.13592292 0.0014018199 -0.23091452 -0.12413056 0.34670314 -0.36811891 0.032017548 0.44408479 -0.055639643 0.43781927 0.04081098 0.13347383 -0.0054638041 0.23860362 -0.23972735 -0.42000046 -0.15200442 0.18986751 -0.26193708 -0.12919983
-0.39005008 0.33054987 -0.0022705654 0.25329301 0.20052074 -0.099446595 0.34165642 0.0066024861 0.34822583 0.20811871 0.1133014 0.25365615 0.13464296 -0.0016078991 -0.23060167 -0.12718508 0.34708953 -0.36880296 0.030696657 0.44505453 -0.056598 0.43889174 0.039417371 0.13389236 -0.0055485782 0.2387241 -0.24114342 -0.41922981 -0.15256406 0.18987991 -0.25924093 -0.12862578
-0.38965097 0.32856533 -0.0024738915 0.25515908 0.20062555 -0.099628411 0.34263778 0.0079390546 0.34962961 0.21024781 0.11385074 0.25681302 0.13501255 -0.00058429415 -0.23004194 -0.12652938 0.34631792 -0.36950698 0.03096001 0.44388664 -0.057094935 0.43744463 0.039303638 0.13378994 -0.0055450909 0.23991759 -0.24018146 -0.42030832 -0.15209194 0.18835627 -0.26064065 -0.12932837
-0.38975084 0.32888353 -0.0024033231 0.25473267 0.20036657 -0.099608608 0.34258538 0.0078733563 0.3493031 0.20979139 0.11366499 0.25604656 0.13491088 -0.00056662248 -0.23020332 -0.12654297 0.34637043 -0.36978456 0.030994587 0.44414377 -0.05709371 0.43782583 0.039371643 0.13372108 -0.0056024636 0.23968317 -0.24043421 -0.41977507 -0.15235586 0.18782525 -0.2605437 -0.12916614
-0.38956609 0.32939014 -0.0021454764 0.25413293 0.19981161 -0.099641457 0.34228322 0.0076929592 0.34905067 0.2095625 0.11321907 0.25538722 0.13461038 -0.00070498127 -0.22970554 -0.12665066 0.34645805 -0.36972496 0.030891307 0.44401401 -0.056973364 0.43806198 0.039498258 0.13344236 -0.0056975069 0.23938446 -0.24046148 -0.41970369 -0.15219483 0.18745413 -0.26036978 -0.12883089
-0.38953155 0.32797897 -0.0026810712 0.25677973 0.20059252 -0.098685607 0.34278131 0.0090711685 0.3500599 0.21085411 0.11429059 0.25762784 0.13543677 0.00056220475 -0.23034196 -0.1253686 0.34628555 -0.369041 0.031535152 0.44388676 -0.056464296 0.43729511 0.039929394 0.13355121 -0.0055525713 0.2396913 -0.23981366 -0.42038462 -0.15202175 0.18835196 -0.26148343 -0.1295438
-0.38972181 0.3287752 -0.0025259294 0.25592491 0.20031235 -0.098689236 0.34251136 0.0086687179 0.34933868 0.2099946 0.11389805 0.25633651 0.13523243 0.00031758909 -0.23044519 -0.12548631 0.34649009 -0.36912626 0.031451512 0.44414175 -0.056403812 0.43791002 0.040030383 0.13349791 -0.0056110756 0.23920193 -0.24016482 -0.41979322 -0.15219989 0.18832786 -0.26115811 -0.12918456
-0.38969198 0.32900298 -0.0024494503 0.25560242 0.20027885 -0.09875156 0.34235543 0.0084677543 0.34925178 0.20988145 0.11374181 0.25616068 0.13513108 0.00012657703 -0.23025531 -0.12571473 0.34652716 -0.36902711 0.03129492 0.44404399 -0.056378312 0.4379577 0.039992843 0.13348189 -0.0056291916 0.23916428 -0.2401931 -0.41989085 -0.15208583 0.18846942 -0.26094231 -0.12909976
-0.38984409 0.32942903 -0.0024062092 0.25448269 0.2005267 -0.099229701 0.34219527 0.0076613687 0.34907115 0.20934334 0.11354236 0.25548053 0.13484514 -0.00075811055 -0.23028798 -0.12664713 0.3465893 -0.36926994 0.030865373 0.44426608 -0.056553151 0.43813029 0.039517026 0.13366599 -0.0056252317 0.23936296 -0.24057509 -0.41972062 -0.1522212 0.18858132 -0.26019675 -0.12908286
-0.38957936 0.32853806 -0.0024926066 0.25560698 0.20041522 -0.099118091 0.34258357 0.0084260572 0.34969449 0.21031632 0.11385206 0.25680751 0.13507767 -6.0327791e-05 -0.23010004 -0.12605987 0.34630939 -0.36937129 0.031176992 0.44389841 -0.056701843 0.43757325 0.039658368 0.13355625 -0.005617911 0.2396903 -0.24011332 -0.42014846 -0.15207052 0.18796006 -0.26094526 -0.12933426
-0.38968423 0.32899812 -0.0024140934 0.25511131 0.20028968 -0.099131502 0.34243095 0.0081607737 0.34931174 0.20980887 0.11364539 0.25603446 0.13495967 -0.00024599646 -0.23020461 -0.12616664 0.34643757 -0.36940178 0.031125415 0.44411969 -0.056675736 0.43793559 0.039686959 0.13354273 -0.0056451573 0.23943172 -0.24034764 -0.41980559 -0.15220837 0.18798037 -0.26070741 -0.12915491
-0.38938856 0.32758415 -0.0027435469 0.25787514 0.20040606 -0.098226018 0.34292012 0.009753081 0.3502529 0.21130958 0.11453147 0.25814167 0.13572632 0.0013137248 -0.23042564 -0.12449742 0.34629673 -0.36873558 0.03197325 0.44386697 -0.056291819 0.43714395 0.04035233 0.13341528 -0.005524741 0.23945588 -0.23949814 -0.42050585 -0.15198439 0.1884231 -0.26211396 -0.12959248
-0.38966832 0.32769796 -0.0029324298 0.25856239 0.20061915 -0.097592399 0.34287471 0.010132762 0.34994179 0.21101847 0.11481457 0.25790301 0.13607261 0.001797384 -0.2310465 -0.12375248 0.34651384 -0.36829373 0.032309819 0.44414017 -0.055776116 0.43739983 0.040776651 0.13346584 -0.0054456647 0.23895058 -0.23949894 -0.42019996 -0.15209711 0.18936686 -0.26242861 -0.12955093
-0.3897332 0.32804155 -0.0028851195 0.25848213 0.20052341 -0.097398892 0.3426891 0.010125094 0.34962994 0.21074989 0.11470212 0.25753847 0.13610514 0.0018817937 -0.23104179 -0.12359843 0.34664133 -0.36802283 0.03231569 0.44410574 -0.055572409 0.43762642 0.040986478 0.13342386 -0.005444108 0.23861915 -0.23952043 -0.42012659 -0.15201683 0.18979104 -0.26238382 -0.12935491
-0.39008194 0.32999834 -0.002446997 0.25473294 0.20056827 -0.098680191 0.34191248 0.0076572355 0.34844989 0.20868872 0.11362205 0.25460181 0.13507399 -0.00054485345 -0.23080999 -0.12606004 0.34700796 -0.36855289 0.031134235 0.444731 -0.056111492 0.43869296 0.039972957 0.13371645 -0.0055567464 0.23856935 -0.24072571 -0.41935354 -0.15237655 0.18998814 -0.26014629 -0.12880313
-0.38978243 0.32882491 -0.0025259943 0.25533777 0.20069371 -0.099127747 0.34244579 0.0081149302 0.34943935 0.20997773 0.11386862 0.25649282 0.13511053 -0.00036032451 -0.23026404 -0.12624876 0.34647766 -0.36914897 0.031040095 0.4439857 -0.056579217 0.43770117 0.039595045 0.13371432 -0.005567106 0.23956339 -0.24022697 -0.42011881 -0.15206702 0.18885039 -0.26065141 -0.12926713
-0.38975129 0.32870662 -0.0025097185 0.25526592 0.20050988 -0.099231042 0.34257191 0.0082108034 0.34949082 0.21000794 0.1138482 0.25643 0.13505657 -0.00027358034 -0.23027995 -0.12625006 0.3463833 -0.36949322 0.031101849 0.44405857 -0.056720477 0.43772882 0.039559174 0.13365515 -0.0056012715 0.2396487 -0.2402834 -0.41990384 -0.15221633 0.1881216 -0.26074618 -0.12927592
-0.38958275 0.32890815 -0.0023420358 0.25519302 0.20001721 -0.099148862 0.34245086 0.0083257491 0.34934652 0.21000105 0.11359768 0.25615376 0.13494118 -7.663537e-05 -0.22995399 -0.12603235 0.3464095 -0.36945799 0.031185912 0.44393784 -0.05668493 0.43784443 0.039786566 0.13342369 -0.0056694169 0.23938593 -0.24020314 -0.41986036 -0.15211399 0.18768162 -0.26088375 -0.12905565
-0.38939455 0.3318519 -0.0017238781 0.25000036 0.20004296 -0.10174028 0.34097508 0.0039423662 0.34774581 0.20692699 0.11269099 0.25137615 0.13349774 -0.00402682 -0.23000067 -0.12961423 0.34719265 -0.36890015 0.030048709 0.44644862 -0.058634259 0.43937382 0.03802311 0.13446952 -0.0053877868 0.23891599 -0.24215317 -0.41905323 -0.15333532 0.18951128 -0.25711304 -0.12800057
-0.38970491 0.32891557 -0.0021818096 0.25300407 0.20073602 -0.1016309 0.34281981 0.0062923334 0.3490887 0.20969893 0.11348512 0.25605479 0.13437301 -0.0021591263 -0.22965096 -0.12800184 0.34618101 -0.37071863 0.030363493 0.44403914 -0.058804844 0.43737835 0.038100317 0.13432446 -0.0054416903 0.24055821 -0.2406058 -0.42030388 -0.15243533 0.18789068 -0.2597169 -0.12909582
-0.38980645 0.32886216 -0.002209432 0.25347745 0.2004028 -0.1009595 0.34284952 0.0070195859 0.34902728 0.20961711 0.113507 0.25577393 0.13461468 -0.0013461622 -0.22996908 -0.12743124 0.34621793 -0.37076625 0.030660642 0.44418862 -0.058330908 0.43769786 0.038594421 0.13410941 -0.0055483403 0.24016222 -0.24067065 -0.41973469 -0.15271299 0.18734527 -0.26007092 -0.1290248
-0.38945293 0.33046138 -0.0016448963 0.25131577 0.19929947 -0.10125177 0.34192052 0.0059912377 0.34838048 0.20850158 0.11247336 0.25337616 0.1337194 -0.0024519069 -0.22912708 -0.12824082 0.34661102 -0.37046036 0.030241355 0.44447827 -0.057861257 0.43857354 0.038558912 0.13356523 -0.0057176258 0.23945674 -0.24114785 -0.41924208 -0.15262252 0.18713987 -0.2589902 -0.12818348
-0.38968745 0.32955134 -0.002105982 0.25277019 0.20016059 -0.100743 0.34230146 0.0065036751 0.34901309 0.20925698 0.11304978 0.25512847 0.13432401 -0.0020190801 -0.22953141 -0.12810004 0.34638309 -0.37025326 0.030237887 0.4440473 -0.057780612 0.43783996 0.038641684 0.13386987 -0.0055986061 0.23997678 -0.24078068 -0.41985118 -0.15228677 0.18743193 -0.2594952 -0.12891568
-0.38967329 0.32957584 -0.002048126 0.25253889 0.1999598 -0.100871 0.3423546 0.0064832037 0.34895638 0.20916936 0.11295892 0.25489077 0.13425368 -0.0020228554 -0.22952062 -0.12818125 0.3463462 -0.37051621 0.030241009 0.44413584 -0.057933148 0.43794906 0.038601954 0.13383436 -0.0056321868 0.23997809 -0.24088299 -0.41962501 -0.15244247 0.18691231 -0.25946069 -0.12885228
-0.38952968 0.33011848 -0.0018064462 0.25167659 0.19950382 -0.10116287 0.34207556 0.0060044616 0.34867093 0.20878442 0.11255641 0.25401753 0.13391091 -0.0024599088 -0.22916293 -0.12855275 0.34646314 -0.37055802 0.030086026 0.44425061 -0.058053304 0.43821627 0.038520928 0.13370495 -0.0056847106 0.2397635 -0.24105884 -0.41947007 -0.15246387 0.18663153 -0.25906798 -0.12853505
-0.3896178 0.32997742 -0.0019078305 0.2517488 0.1997878 -0.10125142 0.3421486 0.0059023923 0.34876716 0.20885043 0.11267991 0.25429764 0.13400851 -0.0026025495 -0.22927049 -0.12873702 0.34642076 -0.37056965 0.029988294 0.44420409 -0.058144856 0.43804172 0.038387634 0.13386294 -0.0056227888 0.23994726 -0.24104792 -0.41961399 -0.15243201 0.18685704 -0.25901434 -0.12868573
-0.38959184 0.33035177 -0.0017643081 0.25083023 0.19961461 -0.10178969 0.34201792 0.0052405028 0.34851688 0.20843469 0.11244084 0.25355822 0.13375857 -0.0032229277 -0.22915918 -0.12934919 0.3464863 -0.37078512 0.029770831 0.44445756 -0.058571443 0.43822542 0.038075034 0.13397902 -0.0056014708 0.239942 -0.24132626 -0.41943628 -0.15263054 0.1866937 -0.25850198 -0.12849694
-0.38938996 0.32866263 -0.0021325923 0.25373712 0.19989239 -0.10076062 0.34276405 0.0072914399 0.34960747 0.21022439 0.1132842 0.25634328 0.13447812 -0.0013147413 -0.22929767 -0.12750643 0.3460578 -0.37057617 0.030575402 0.44369966 -0.058040075 0.4373495 0.038740389 0.13370791 -0.0056176134 0.24034777 -0.24036564 -0.42015907 -0.15222156 0.18645497 -0.26026672 -0.12909611
-0.38962436 0.32941917 -0.0020772119 0.25331339 0.19977942 -0.10033825 0.34240672 0.0071131391 0.34897059 0.20936666 0.11308228 0.25509515 0.13442142 -0.0013130176 -0.22963277 -0.12738068 0.34637675 -0.37029925 0.030618262 0.44412225 -0.057601731 0.43803084 0.039038934 0.13363667 -0.0056819324 0.23969038 -0.24069522 -0.41953856 -0.1524197 0.1868809 -0.25998157 -0.12882549
-0.38954332 0.33072481 -0.0017338456 0.25117737 0.19949719 -0.10119673 0.34171581 0.0054623019 0.34828165 0.20817843 0.11245196 0.25308663 0.13380294 -0.0028455283 -0.2293207 -0.1287725 0.34673357 -0.37013316 0.030052898 0.44473606 -0.058077164 0.43861505 0.038516227 0.13382028 -0.0056437473 0.23938085 -0.24133664 -0.41930723 -0.15262975 0.18738341 -0.2585718 -0.12831384
-0.38950062 0.33148035 -0.0015798021 0.24881499 0.19986513 -0.10301959 0.34137207 0.0031957619 0.34790239 0.2071932 0.11227413 0.25169575 0.13324529 -0.0050249514 -0.22931702 -0.13089374 0.34686002 -0.37037379 0.029350044 0.44565353 -0.059562337 0.4387075 0.037205782 0.13463168 -0.0053699124 0.23980249 -0.24210386 -0.41935346 -0.1531745 0.18809371 -0.25686544 -0.12810121
-0.38950565 0.32864559 -0.0020538664 0.25261259 0.20024122 -0.10214289 0.34304062 0.0062020002 0.34935108 0.21000254 0.11325826 0.25620118 0.13425046 -0.0023590408 -0.22927019 -0.12845957 0.345943 -0.37134829 0.030217741 0.44384381 -0.059332095 0.4371455 0.037851393 0.13426614 -0.0054640491 0.2409173 -0.24061508 -0.42028686 -0.15252131 0.18656057 -0.25970805 -0.12907384
-0.38938427 0.32785082 -0.0023170346 0.25544557 0.19996361 -0.10021859 0.34320897 0.0084323306 0.34981561 0.21085869 0.11390704 0.25723243 0.13500337 -3.053086e-05 -0.22981913 -0.12604961 0.34602445 -0.37046561 0.031357594 0.4438425 -0.057944737 0.43717235 0.039223209 0.13370676 -0.0055613951 0.24015209 -0.23998374 -0.42014852 -0.15246646 0.18677317 -0.26130807 -0.12922627
-0.38954455 0.32896438 -0.0022289429 0.25517312 0.19969639 -0.099200688 0.34249908 0.0085392175 0.34914917 0.20996894 0.11354855 0.25588149 0.13489473 0.00014508044 -0.22989137 -0.12558798 0.34646407 -0.36957788 0.031395379 0.44395158 -0.056607999 0.43799186 0.03991152 0.13327649 -0.0056767818 0.23915373 -0.2401484 -0.41965228 -0.15221186 0.18771377 -0.2611157 -0.12878527
-0.38955036 0.32764581 -0.0028536413 0.25817412 0.2005907 -0.097943701 0.34285694 0.0098738354 0.35013929 0.21120204 0.11470636 0.25810659 0.13592672 0.0014430275 -0.23066443 -0.12428045 0.34643698 -0.36839965 0.032041907 0.4439261 -0.055973858 0.43719438 0.040530544 0.13347588 -0.00546449 0.23924144 -0.23946793 -0.42046934 -0.15194815 0.18914734 -0.26215908 -0.12957633
-0.3899332 0.32890436 -0.0026452264 0.25626802 0.20052636 -0.09830156 0.34242952 0.0088061644 0.34913158 0.20977625 0.1140837 0.25617006 0.13545068 0.00048693872 -0.23080128 -0.12514386 0.34668922 -0.36872345 0.031576756 0.44429103 -0.055997148 0.43807891 0.040270448 0.13355064 -0.0055559943 0.2388768 -0.24017474 -0.41964844 -0.15221523 0.18923311 -0.26121426 -0.12914306
-0.38936177 0.32619181 -0.0031212808 0.2609486 0.2001463 -0.097458929 0.34356079 0.011172305 0.35083249 0.21261467 0.11560398 0.25951463 0.13696039 0.002623782 -0.23088996 -0.1226247 0.34669614 -0.36772546 0.03293705 0.44403961 -0.055912614 0.43618581 0.041269589 0.13343823 -0.0051040309 0.23874007 -0.23855707 -0.42078063 -0.15199396 0.18988362 -0.26351142 -0.12981153
-0.38981423 0.32599774 -0.0034986108 0.26260132 0.20004061 -0.096776247 0.34378487 0.011984238 0.35035849 0.21245095 0.11626362 0.25926539 0.13792436 0.0034054192 -0.23188443 -0.12107825 0.34714487 -0.36697775 0.033662576 0.44444937 -0.055315424 0.43617013 0.042093333 0.13358799 -0.0046809036 0.23767613 -0.23829272 -0.42026481 -0.15222216 0.1916346 -0.26444244 -0.12957108
-0.38986924 0.3266871 -0.0034367815 0.26269683 0.19973215 -0.096403718 0.3434591 0.012210301 0.34965461 0.21190563 0.11606228 0.25871673 0.13814318 0.0038528293 -0.23196876 -0.12043218 0.34724823 -0.36631542 0.03380876 0.44426325 -0.05506023 0.43676475 0.042651813 0.13351896 -0.0046091932 0.23698521 -0.23832966 -0.42020676 -0.15204136 0.19254917 -0.26458573 -0.12904377
-0.39011005 0.32593277 -0.0038128812 0.26412836 0.20034023 -0.095857084 0.34372249 0.012707178 0.35013399 0.21247274 0.11687418 0.25949159 0.13874876 0.0041621719 -0.23251836 -0.11988243 0.34756151 -0.36570066 0.034105808 0.44454309 -0.054432511 0.43615836 0.042833261 0.13371497 -0.0043797842 0.23685366 -0.23795757 -0.42037496 -0.15207063 0.19405179 -0.26489347 -0.12943992
-0.39018661 0.32648516 -0.0037472253 0.26342613 0.2004156 -0.095898531 0.34349057 0.012441384 0.34975785 0.21191619 0.11659031 0.25897625 0.13849667 0.0039604953 -0.23260316 -0.12008989 0.34746593 -0.36581916 0.033960775 0.44453409 -0.054421503 0.43667272 0.042753872 0.13370296 -0.0044786916 0.23687749 -0.2382832 -0.42019212 -0.15208577 0.19395044 -0.2646637 -0.12925538
-0.3900896 0.3262426 -0.0037501117 0.26379582 0.20026027 -0.095909789 0.34359095 0.012615705 0.34991577 0.21220118 0.11668349 0.25925118 0.13864958 0.0041384855 -0.23248026 -0.11993373 0.34748232 -0.36570391 0.034041442 0.44446027 -0.054506421 0.43643418 0.042851046 0.13369319 -0.0044177482 0.23682231 -0.23809069 -0.42034519 -0.15203752 0.19397388 -0.26480696 -0.12928696
-0.39043787 0.3284542 -0.003270319 0.25975737 0.20076042 -0.096556604 0.34262919 0.010638878 0.34870529 0.21002059 0.1152994 0.25684267 0.13714591 0.0023574189 -0.23222217 -0.12220091 0.34733179 -0.36664101 0.032815825 0.44451591 -0.054595623 0.43809873 0.041889023 0.13368772 -0.0049845288 0.23729381 -0.23947477 -0.41960886 -0.15211943 0.19313614 -0.26280206 -0.128869
-0.38986826 0.32701278 -0.0033820916 0.26112348 0.20093326 -0.096556738 0.34307835 0.01133131 0.35013211 0.21165915 0.11580901 0.2589477 0.13726524 0.0029118883 -0.2317581 -0.1220793 0.34693551 -0.36674944 0.033015322 0.44418755 -0.054897316 0.43696538 0.041686751 0.13362372 -0.0050331042 0.23817816 -0.23883539 -0.42060712 -0.15190072 0.19218178 -0.26334479 -0.12958787
-0.38990557 0.32610148 -0.00360677 0.26252604 0.20076196 -0.096346833 0.34356633 0.011949678 0.35052693 0.21235736 0.11640108 0.25948045 0.13776805 0.0034080474 -0.23209883 -0.12127306 0.34710848 -0.36677948 0.033554226 0.44450429 -0.054820269 0.4363133 0.041951321 0.13363568 -0.0048139733 0.23795164 -0.23841646 -0.42044631 -0.15212989 0.19212703 -0.26413533 -0.12982567
-0.38986573 0.32634103 -0.0035217563 0.26301211 0.19995011 -0.096305273 0.34357241 0.012289298 0.3499696 0.21220092 0.1162682 0.25905776 0.13816386 0.0038837229 -0.23204918 -0.12044361 0.34725621 -0.36638838 0.033866044 0.44437778 -0.054982651 0.43649378 0.042558551 0.13354498 -0.0046201884 0.23715749 -0.2382367 -0.42027554 -0.15208915 0.19244546 -0.26466039 -0.12930581
-0.39007002 0.32598567 -0.0037706241 0.26410234 0.20012201 -0.095948011 0.34373555 0.012717652 0.35003236 0.2124344 0.11679073 0.25937733 0.13876683 0.0041985111 -0.23245884 -0.11980252 0.34754509 -0.36574408 0.034139868 0.44451025 -0.054568745 0.43619663 0.042898174 0.13368696 -0.0043561277 0.23675604 -0.23795144 -0.42032281 -0.15208259 0.19386943 -0.26498479 -0.12933621
-0.39047453 0.3287085 -0.0031956437 0.25942972 0.20051867 -0.096763432 0.34258863 0.010433611 0.34844002 0.20976087 0.11513357 0.25640652 0.13713892 0.0021515584 -0.23216815 -0.12230143 0.34740943 -0.36665067 0.032742862 0.44454399 -0.054739017 0.43824798 0.041909631 0.13369523 -0.0049363398 0.23710831 -0.2395695 -0.41945121 -0.15216184 0.19319738 -0.26268229 -0.12866814
-0.38984337 0.32683069 -0.0034032241 0.26139468 0.20083889 -0.096619368 0.34318835 0.011424567 0.3502152 0.21183847 0.11590333 0.2591213 0.13741246 0.0029519596 -0.23173325 -0.12196334 0.34697586 -0.36665991 0.033072315 0.44416803 -0.054966521 0.43680361 0.041738659 0.13364446 -0.0049577532 0.23813087 -0.23871987 -0.42067453 -0.15189521 0.19235016 -0.26345456 -0.12958515
-0.38994768 0.32632214 -0.0035794931 0.26216996 0.20083685 -0.096396707 0.34347478 0.011798266 0.35039225 0.2121231 0.11628573 0.2592755 0.13764326 0.0032736382 -0.23212694 -0.12143686 0.34706441 -0.36686108 0.033460785 0.44450045 -0.054827757 0.43650708 0.041869018 0.1336488 -0.0048600445 0.23800856 -0.23856312 -0.42038018 -0.15214194 0.19209069 -0.26398313 -0.12977013
-0.3898333 0.32662654 -0.0034336937 0.26244268 0.20004204 -0.096367918 0.34341028 0.012063435 0.34988496 0.21197203 0.11604545 0.25887409 0.13788953 0.0037225096 -0.23193027 -0.12077755 0.347146 -0.36654282 0.03368862 0.44430509 -0.055024073 0.43672687 0.042403385 0.13351424 -0.0047483472 0.23733287 -0.23841484 -0.42028821 -0.15205021 0.19214395 -0.26438615 -0.12928481
-0.39004624 0.32622126 -0.0037130669 0.26348135 0.20044267 -0.09594243 0.34355497 0.012450208 0.35007676 0.2122383 0.11661026 0.25931072 0.13839328 0.0039868318 -0.23239644 -0.12026423 0.34739169 -0.3659732 0.033924598 0.44448769 -0.054533485 0.43642089 0.042626061 0.13366801 -0.0045476104 0.23711251 -0.23817874 -0.42037302 -0.15205686 0.19348621 -0.26463214 -0.12945752
-0.3903293 0.32810163 -0.0033170981 0.26026377 0.20068309 -0.096487708 0.3427642 0.010937167 0.34894922 0.21039273 0.11544964 0.25729096 0.13726817 0.002646412 -0.23218052 -0.12193567 0.34725943 -0.36664057 0.032972641 0.44444257 -0.054641843 0.43785056 0.041974887 0.13365349 -0.0049585248 0.23734979 -0.23928107 -0.4197531 -0.15208761 0.19290799 -0.26311648 -0.12897314
-0.38986373 0.32646644 -0.0035161967 0.26225382 0.2006986 -0.096357033 0.34336376 0.011852041 0.3503145 0.21214625 0.11619996 0.25935331 0.13774978 0.0033766413 -0.23191206 -0.12136506 0.34710544 -0.36646 0.033396028 0.44427878 -0.054816436 0.43655238 0.042036884 0.13362572 -0.0048341071 0.23784387 -0.23846582 -0.42062184 -0.15194549 0.19256914 -0.26391503 -0.12962787
-0.39010558 0.32725179 -0.0034296256 0.26099893 0.20087986 -0.096441895 0.34307218 0.011306009 0.34973943 0.21123306 0.11579967 0.25833091 0.13728201 0.0029111318 -0.23211791 -0.12185194 0.3470563 -0.36690888 0.033149015 0.44444618 -0.054734979 0.43724671 0.041800011 0.13362089 -0.0050047827 0.23787704 -0.23900446 -0.42008737 -0.15210472 0.192166 -0.26346746 -0.12944753
-0.38978323 0.32640991 -0.0034690504 0.26253045 0.2002746 -0.096355081 0.3434422 0.012053354 0.35019279 0.21221505 0.11615416 0.25924313 0.13785833 0.0036620221 -0.23185904 -0.12098184 0.34711432 -0.36651433 0.033604071 0.44427735 -0.054981068 0.43652421 0.042262845 0.13354363 -0.0047844131 0.23757932 -0.23835242 -0.42050177 -0.1519945 0.19218576 -0.2642605 -0.12949486
-0.39005229 0.32599211 -0.0037387682 0.2635814 0.20043328 -0.096025117 0.34368476 0.012447462 0.35023433 0.21241495 0.1166984 0.25941184 0.13840029 0.0039068372 -0.23239955 -0.12031702 0.34741771 -0.36613888 0.033949692 0.44457135 -0.054576445 0.43622044 0.042545341 0.13367078 -0.0045308601 0.23719214 -0.23812442 -0.42031875 -0.15212737 0.19326393 -0.26469421 -0.12956403
-0.39035425 0.32876134 -0.0030680099 0.25908944 0.20022987 -0.097018309 0.34259322 0.010287433 0.34841561 0.20976584 0.11491907 0.25628233 0.13698055 0.0020459164 -0.23189203 -0.12250968 0.34733403 -0.36690253 0.032654781 0.44445497 -0.055032745 0.43824792 0.041831277 0.13362876 -0.0049910368 0.2371649 -0.23959163 -0.41942614 -0.15216479 0.19255021 -0.26262531 -0.12860692
-0.38980809 0.32625756 -0.0034819017 0.26225623 0.20059581 -0.096617423 0.34350517 0.011763281 0.35047641 0.21237098 0.11621294 0.25953594 0.13777849 0.0031870748 -0.23173898 -0.12154271 0.34712771 -0.36652583 0.03331947 0.4442336 -0.055022679 0.43632755 0.041925553 0.13364741 -0.0047975434 0.23795009 -0.23838277 -0.4207131 -0.15194419 0.19252157 -0.2638602 -0.12966768
-0.39001215 0.32567412 -0.0037025625 0.26346222 0.20019977 -0.096472234 0.34393814 0.012308142 0.35043234 0.21266218 0.11670443 0.25948387 0.13838258 0.0036051227 -0.23222713 -0.12059614 0.34741834 -0.36652756 0.033884604 0.44460642 -0.054918479 0.435891 0.042341623 0.1336858 -0.004479547 0.23735864 -0.23806155 -0.4202351 -0.15224139 0.19272247 -0.26469928 -0.12962444
-0.38992193 0.32632411 -0.0035513432 0.26354197 0.19944717 -0.09638232 0.34370238 0.0125555 0.34967825 0.21219823 0.11636037 0.25889584 0.1386258 0.0040868213 -0.23210754 -0.11988041 0.34744298 -0.36601242 0.034072939 0.44432181 -0.055041675 0.43643731 0.042954512 0.13356526 -0.0043647802 0.23660406 -0.23804457 -0.42016882 -0.15207645 0.19311859 -0.26501951 -0.12895736
-0.39019355 0.325737 -0.0038849688 0.26477653 0.19994503 -0.09590102 0.34392303 0.012978465 0.34998941 0.21260385 0.11707189 0.25944772 0.13921748 0.0043406528 -0.2326165 -0.11936311 0.34778267 -0.36539131 0.034325782 0.44456726 -0.054443479 0.43594128 0.043166406 0.13375391 -0.0041245394 0.23636712 -0.23771869 -0.42025664 -0.15209976 0.19466628 -0.26525858 -0.12923059
-0.3902612 0.32601866 -0.0038860654 0.26450333 0.20004039 -0.09586785 0.34380022 0.012880762 0.34978443 0.21230321 0.11697637 0.25919789 0.13912581 0.0042571682 -0.23274875 -0.11939415 0.34774154 -0.36540344 0.034288436 0.44459388 -0.054375689 0.43622798 0.043148808 0.13376254 -0.0041584163 0.23636425 -0.237895 -0.42015475 -0.15211613 0.1947469 -0.26519001 -0.12913181
-0.39020345 0.32604247 -0.0038573432 0.26452515 0.19992767 -0.095902726 0.34378886 0.01292294 0.3497653 0.2123183 0.11693504 0.25922829 0.13916104 0.0043341708 -0.23265889 -0.11935368 0.34771582 -0.36533371 0.034288447 0.44450906 -0.054450709 0.43623245 0.04320471 0.13375027 -0.0041432991 0.23632142 -0.23785627 -0.42022625 -0.15206985 0.19474968 -0.26519996 -0.129077
-0.39031872 0.32715324 -0.0036713188 0.26258475 0.20057689 -0.095919058 0.34318674 0.012092953 0.34932572 0.21126838 0.11629285 0.25839347 0.1382657 0.0036804669 -0.23263699 -0.12043703 0.34744295 -0.36577204 0.033702921 0.44446623 -0.054305363 0.4372116 0.042672671 0.13372603 -0.0045679417 0.23685196 -0.23861161 -0.42006469 -0.15202974 0.19425324 -0.26421574 -0.129039
-0.39008027 0.32576984 -0.0038057468 0.26419479 0.20029663 -0.095947936 0.3438035 0.012700653 0.35027131 0.2126478 0.11691651 0.25962937 0.13877872 0.0041021821 -0.2324128 -0.11997043 0.34759149 -0.36572334 0.034073181 0.44452131 -0.054485563 0.43597826 0.042789277 0.13371629 -0.0043608076 0.23690265 -0.23787498 -0.42043272 -0.15205814 0.1940109 -0.26486987 -0.12949729
-0.39021167 0.32558459 -0.0038859521 0.26472345 0.19989184 -0.096041292 0.34403521 0.012895829 0.35007825 0.21270092 0.11708944 0.25941357 0.13916069 0.0041765305 -0.23261406 -0.11947605 0.34780195 -0.36565718 0.034325909 0.44467118 -0.054528225 0.43579942 0.043054052 0.13374475 -0.0041245329 0.23644659 -0.23772131 -0.4201254 -0.15219741 0.19428846 -0.26530856 -0.12930238
-0.39016607 0.32599834 -0.0038145257 0.26465461 0.19949844 -0.09611135 0.34390032 0.012982282 0.34964216 0.21236795 0.11688532 0.25909883 0.13931708 0.0043565375 -0.23255613 -0.11917574 0.34776959 -0.36533859 0.034363747 0.44446427 -0.054667741 0.43614981 0.043346077 0.13372418 -0.0040311906 0.23608883 -0.23776074 -0.4201332 -0.15209226 0.19464152 -0.26540074 -0.12889309
-0.39028618 0.32589832 -0.0039299228 0.26486376 0.19990617 -0.095849775 0.34388247 0.013042917 0.34976891 0.21241084 0.11710364 0.25927612 0.1393728 0.0043849638 -0.23276955 -0.11915794 0.3478432 -0.36517414 0.034378994 0.44456586 -0.054343186 0.43608856 0.043313209 0.13379152 -0.0040346594 0.23615484 -0.23774697 -0.42018512 -0.152088 0.19516249 -0.26532215 -0.12905858
-0.39039809 0.3275027 -0.0035953615 0.26203343 0.2004877 -0.096089162 0.34307888 0.011827133 0.34904313 0.21091436 0.1160808 0.25794479 0.13814661 0.0034137876 -0.23258284 -0.12068781 0.34747359 -0.36585033 0.033539031 0.44444114 -0.054355569 0.4374516 0.042615253 0.13372873 -0.0045854477 0.23677723 -0.2387815 -0.41989699 -0.15203726 0.19426584 -0.26397952 -0.12886418
-0.39004192 0.32597971 -0.0037412578 0.2637139 0.20040223 -0.096047804 0.34368056 0.012500611 0.35025325 0.21249047 0.11674491 0.25955266 0.13855569 0.0039175921 -0.23229788 -0.12030732 0.34748226 -0.36583433 0.033892162 0.44443741 -0.054536581 0.43614969 0.042625137 0.13370232 -0.0044627134 0.23711197 -0.23802565 -0.42049348 -0.15200737 0.19380653 -0.26461062 -0.12949485
-0.39016184 0.32620263 -0.0037598372 0.26349571 0.20039624 -0.096035816 0.343638 0.012420174 0.34998909 0.21216449 0.11667345 0.25914928 0.1384813 0.0038443157 -0.23253058 -0.1202281 0.34747732 -0.36601922 0.033949617 0.4445852 -0.054502185 0.43640408 0.042629737 0.13370077 -0.0044704899 0.23702082 -0.23820606 -0.42018777 -0.15213716 0.19364209 -0.26468891 -0.12939197
-0.39010224 0.32714254 -0.0035017934 0.26222715 0.20019272 -0.096248165 0.34321627 0.011962301 0.34939176 0.21138367 0.11602099 0.25837448 0.13805696 0.003608658 -0.23222815 -0.12069192 0.34729964 -0.3661114 0.033602875 0.44431207 -0.054726169 0.43714669 0.04256694 0.13362283 -0.004649248 0.23698936 -0.2385979 -0.42011571 -0.15200906 0.19329365 -0.26418266 -0.12900785
-0.3900893 0.32576326 -0.0037967442 0.26407215 0.20035781 -0.095969655 0.34380248 0.012629149 0.35031271 0.21264818 0.11689676 0.25961491 0.1386956 0.0040192902 -0.23239709 -0.12009528 0.34758264 -0.36582705 0.034027368 0.4445473 -0.054479867 0.43596905 0.042707853 0.13371006 -0.0043991935 0.23698696 -0.23790996 -0.42040634 -0.15207592 0.19386569 -0.26480225 -0.12955138
-0.39048341 0.32873964 -0.0031178824 0.2590223 0.20035541 -0.097041219 0.34262568 0.010202835 0.34839526 0.20969898 0.11500026 0.25619537 0.13699639 0.0018722189 -0.23201349 -0.12260353 0.34741762 -0.36693966 0.03261745 0.4445478 -0.054917056 0.43823832 0.04176319 0.13367197 -0.004970585 0.23717055 -0.23964034 -0.41929495 -0.15222171 0.19276737 -0.26255548 -0.12862416
-0.38974866 0.32628089 -0.0034094993 0.26219898 0.20023392 -0.096842125 0.34356117 0.011753009 0.35037926 0.21238704 0.11610517 0.25942349 0.13783887 0.0031635684 -0.23155707 -0.12152467 0.34713963 -0.36655378 0.033310108 0.44413525 -0.055245116 0.43628895 0.041998077 0.13361518 -0.0047418196 0.23782188 -0.23832701 -0.4206824 -0.15192598 0.19235256 -0.26392412 -0.12950963
-0.39004436 0.32571146 -0.0037088031 0.26339653 0.20023179 -0.096487492 0.34392762 0.012275569 0.35040665 0.21261601 0.11670613 0.2594426 0.13837849 0.0035502003 -0.23224354 -0.1206443 0.34743181 -0.36652011 0.033855759 0.44460854 -0.054885875 0.43591562 0.042324055 0.13369648 -0.0044762339 0.23736437 -0.23808712 -0.42021555 -0.15223795 0.19280255 -0.26465082 -0.12960696
-0.38994858 0.32551214 -0.0036536448 0.26472333 0.19887553 -0.096545197 0.34421346 0.012963325 0.34992695 0.21291797 0.11679078 0.25923917 0.13926663 0.0042843646 -0.23205926 -0.11931183 0.34779525 -0.36583287 0.034395751 0.4444215 -0.055164181 0.43561345 0.043268025 0.13359629 -0.0040220353 0.23612571 -0.23749633 -0.42008883 -0.15216632 0.19347203 -0.26559564 -0.128957
-0.39031538 0.32556459 -0.0039461558 0.26540878 0.19932635 -0.096113525 0.34418857 0.013217362 0.3497203 0.21268709 0.11723859 0.25922713 0.1397761 0.0044095311 -0.23270465 -0.11879814 0.34806871 -0.36509877 0.034553021 0.44459701 -0.054545179 0.43570688 0.043550521 0.13379571 -0.0037865008 0.23573278 -0.23747084 -0.42001259 -0.15216164 0.19531649 -0.26569948 -0.12888256
-0.39037552 0.32705751 -0.0037107277 0.26316547 0.19997273 -0.096113071 0.34339109 0.012369401 0.34906131 0.21132325 0.1164075 0.25826278 0.13879201 0.0038289083 -0.23266639 -0.1198783 0.347646 -0.36540428 0.033903193 0.44439536 -0.054432631 0.43707988 0.043070912 0.13375178 -0.0042647906 0.23628166 -0.23838639 -0.41993538 -0.15202619 0.19492275 -0.26461259 -0.12866785
-0.39016023 0.32626009 -0.0037839338 0.26375028 0.20039886 -0.09591455 0.34357995 0.012575792 0.34993833 0.21217428 0.11674317 0.25928685 0.13869262 0.0040188162 -0.23250291 -0.12004939 0.34753889 -0.36557251 0.033954713 0.44443703 -0.054377571 0.43642032 0.042813085 0.13373427 -0.0043954891 0.23685053 -0.23809953 -0.42038569 -0.15199175 0.19438264 -0.26465648 -0.12928919
-0.39018908 0.32615072 -0.0037979609 0.26370645 0.20047234 -0.095902927 0.34363866 0.012514758 0.35001379 0.2122176 0.1167655 0.25924143 0.13857208 0.0039480799 -0.23258902 -0.12010493 0.34752998 -0.36586183 0.033996824 0.44459409 -0.054383609 0.43636385 0.042701852 0.13371678 -0.0044479482 0.23695365 -0.23814546 -0.42023379 -0.15211201 0.19393624 -0.26472276 -0.12941834
-0.39013439 0.32543921 -0.0038263421 0.2649639 0.1994752 -0.096194625 0.3441624 0.013001787 0.35006359 0.21289371 0.11706867 0.25943917 0.1393427 0.0042856936 -0.23239966 -0.11931453 0.34788734 -0.36557555 0.034383312 0.44457245 -0.054728977 0.43559343 0.043214198 0.13371061 -0.004026277 0.23621204 -0.237526 -0.4201425 -0.15216741 0.19424751 -0.26545689 -0.12919256
-0.39029005 0.32566825 -0.0039182208 0.26515171 0.1994489 -0.096108675 0.34411097 0.013113568 0.34973603 0.21260151 0.11714952 0.25919816 0.1396004 0.0043361601 -0.23269023 -0.11896666 0.34798175 -0.36522692 0.034482114 0.44459775 -0.054552935 0.43582633 0.043436658 0.13377778 -0.0038784537 0.2358969 -0.23758081 -0.42002496 -0.15216318 0.19507109 -0.26558906 -0.12893358
-0.39028192 0.32585317 -0.0039162873 0.2651042 0.19945553 -0.096057095 0.34401089 0.013154835 0.34960985 0.2124458 0.11710458 0.25915167 0.13963822 0.0044265809 -0.23270757 -0.11889502 0.34794059 -0.36504307 0.034470253 0.4445053 -0.054517869 0.43599775 0.043518677 0.13378915 -0.0038655235 0.2358347 -0.23762056 -0.42009744 -0.15209273 0.19534674 -0.26554331 -0.12882333
-0.39037478 0.32540312 -0.0040107397 0.26567149 0.19943878 -0.096000791 0.34424743 0.013305274 0.34981531 0.21281217 0.11740276 0.25936127 0.13989398 0.0044655534 -0.2327828 -0.11871514 0.34815827 -0.3649855 0.034602527 0.44465038 -0.054402947 0.4355531 0.043584697 0.13383158 -0.0037418327 0.23568861 -0.23737629 -0.42003489 -0.15216453 0.1956214 -0.26572722 -0.12896277
-0.39038172 0.32552928 -0.0039989557 0.26563945 0.19926982 -0.096090734 0.34423462 0.013311062 0.34965083 0.21268749 0.11734125 0.25920483 0.13995899 0.0044499831 -0.23280212 -0.11861373 0.34815705 -0.36493126 0.034623109 0.44461718 -0.054473683 0.43566462 0.043666501 0.13383037 -0.0036863072 0.23556314 -0.23740998 -0.41997519 -0.15216354 0.19570574 -0.26580203 -0.12880069
-0.39033383 0.32618061 -0.0039128745 0.26478189 0.19961697 -0.095995285 0.3438406 0.013054719 0.34942201 0.21212687 0.11699901 0.25895646 0.13953277 0.0043596118 -0.23280428 -0.11898117 0.34787679 -0.36497629 0.034387559 0.44447485 -0.054416105 0.43631765 0.043492541 0.13380426 -0.0039157467 0.23587207 -0.23780297 -0.42008105 -0.15205711 0.19554611 -0.26538447 -0.12872969
-0.39029482 0.3261345 -0.0039097415 0.26452646 0.20009425 -0.095802918 0.34373391 0.012928016 0.34970003 0.21219948 0.11699869 0.25918847 0.13921203 0.0043119653 -0.2327853 -0.11933831 0.34775865 -0.36518002 0.034268975 0.44452366 -0.054273821 0.43631575 0.043225247 0.13379309 -0.0041210982 0.23628698 -0.23789749 -0.42022297 -0.15204543 0.19518244 -0.26512271 -0.12905186
-0.39064106 0.32946002 -0.0030265946 0.25812212 0.20045155 -0.097182758 0.34230134 0.0096026352 0.3479026 0.20896094 0.11474749 0.25528312 0.13683617 0.0013528805 -0.2320855 -0.12307575 0.34759241 -0.36676562 0.032356486 0.44472674 -0.054884423 0.43870106 0.04165097 0.13378428 -0.0049586957 0.23696637 -0.23998353 -0.41912442 -0.15227596 0.19346474 -0.26191148 -0.12836558
-0.38978729 0.32675055 -0.0033246581 0.26098165 0.20081529 -0.097030275 0.34326851 0.011112483 0.35034457 0.21194425 0.11580472 0.2591964 0.13725822 0.0025551948 -0.23149283 -0.12244256 0.34692597 -0.36691812 0.032865837 0.44410554 -0.055279315 0.43665537 0.041448571 0.13368815 -0.0049797287 0.23841207 -0.23875548 -0.42076954 -0.15189992 0.19206361 -0.26321635 -0.12962851
-0.38991427 0.32634041 -0.0035031873 0.26174864 0.20070665 -0.096757457 0.34353715 0.011574269 0.3503837 0.21208356 0.11614851 0.25916791 0.13750772 0.0030089021 -0.23197554 -0.12176384 0.34698945 -0.36717629 0.033330906 0.44446743 -0.055135064 0.43648908 0.041673664 0.13366838 -0.0048777275 0.23817627 -0.23864594 -0.4203299 -0.15220203 0.1916464 -0.26384747 -0.12973155
-0.38972732 0.32603925 -0.0034514253 0.26324877 0.19953917 -0.096517876 0.34375879 0.012410155 0.35011694 0.21256284 0.11627948 0.25921831 0.13825881 0.0039604781 -0.23177683 -0.12034725 0.34728563 -0.36650503 0.033950102 0.44429868 -0.055221625 0.43616894 0.042616371 0.13347876 -0.0045523522 0.23709136 -0.23801562 -0.4203274 -0.15208583 0.19206338 -0.26485965 -0.12926313
-0.39017713 0.32682884 -0.0036385115 0.26274738 0.20042579 -0.096037231 0.34333083 0.012152738 0.34959659 0.21161847 0.11631541 0.25866613 0.13821904 0.0037314177 -0.23245777 -0.12047236 0.34737986 -0.36601031 0.033750013 0.44445756 -0.054511029 0.43692899 0.042599637 0.13367265 -0.0045938101 0.23699886 -0.23848289 -0.42013547 -0.15205988 0.19361311 -0.26436082 -0.12918492
-0.39044076 0.32907313 -0.0030194588 0.25824669 0.20058419 -0.097121194 0.34235731 0.0098219682 0.3483755 0.20944838 0.11477251 0.25600854 0.13665098 0.0015989464 -0.23179747 -0.12321483 0.34731388 -0.36706269 0.032313008 0.44444653 -0.054930888 0.43839937 0.041501489 0.13369243 -0.0051169875 0.23742835 -0.23982096 -0.41943893 -0.1521281 0.19255836 -0.26204225 -0.1286646
-0.38993242 0.32761699 -0.0031699312 0.25927061 0.20114094 -0.097166657 0.34280607 0.010360087 0.34996456 0.21109466 0.11527513 0.25826952 0.13653865 0.0018979239 -0.23138057 -0.12346692 0.34678978 -0.36745077 0.032345328 0.44410557 -0.055139896 0.43726325 0.04100265 0.13364938 -0.0052666161 0.23872449 -0.23931699 -0.4204669 -0.15189524 0.19132835 -0.26240918 -0.12956353
-0.39000872 0.32816589 -0.002965512 0.25786841 0.20087084 -0.097651094 0.34267804 0.0097129755 0.34954947 0.21043424 0.11476836 0.25724646 0.13601997 0.0013095503 -0.23121621 -0.12419248 0.34672016 -0.368222 0.032039899 0.44423088 -0.055468533 0.43767133 0.040667348 0.13358518 -0.0054185493 0.23880453 -0.23974575 -0.41990724 -0.15211087 0.19010465 -0.26194775 -0.12938516
-0.38973543 0.32819831 -0.0027904338 0.25781992 0.20039143 -0.097789302 0.34263754 0.0097721759 0.3495706 0.21063244 0.11451715 0.25730532 0.1359286 0.0014570853 -0.23076038 -0.12415311 0.34662071 -0.36825976 0.03204241 0.4439871 -0.055755612 0.43760404 0.040769864 0.13343452 -0.0054624989 0.23875819 -0.23961338 -0.42010471 -0.15196902 0.1894718 -0.26206827 -0.12925456
-0.38976288 0.32747915 -0.0030891004 0.2591252 0.20085581 -0.09732911 0.3428942 0.010384112 0.35010159 0.21123344 0.11513876 0.25827241 0.13634418 0.0019627081 -0.23119363 -0.1235411 0.34662676 -0.36790329 0.032387234 0.44411144 -0.055409271 0.43719798 0.040920373 0.13352245 -0.0053502265 0.23887934 -0.23932497 -0.42036209 -0.15197898 0.19014269 -0.2625418 -0.12962931
-0.39006808 0.33036622 -0.0022666277 0.25393134 0.20013386 -0.099156566 0.34180239 0.0071259462 0.3480587 0.20826669 0.11337733 0.25378081 0.1348747 -0.00098602602 -0.23063131 -0.1264471 0.34713492 -0.36874747 0.031028833 0.44494209 -0.056524199 0.43895239 0.039853491 0.13374396 -0.005555165 0.23835614 -0.24093978 -0.41901529 -0.15257239 0.1896998 -0.25980806 -0.12848254
-0.38970885 0.33162409 -0.0017314815 0.24989764 0.20005666 -0.10190962 0.34114602 0.0039072479 0.34764275 0.20707567 0.11260388 0.25174129 0.13365352 -0.0041443026 -0.22974347 -0.12984282 0.34717736 -0.36940718 0.029771866 0.44571865 -0.058628172 0.43903568 0.037971478 0.13451864 -0.0053942399 0.2390977 -0.24191798 -0.41924703 -0.15303925 0.189547 -0.25727352 -0.12800251
-0.38991866 0.33090946 -0.001682716 0.24860278 0.20028301 -0.10361198 0.34186971 0.0031291421 0.34788027 0.20748828 0.11247333 0.25244492 0.13333859 -0.005204753 -0.22926331 -0.13122524 0.34665582 -0.37137896 0.029107114 0.44504657 -0.059923142 0.43821621 0.036776826 0.13488893 -0.0053374902 0.24041809 -0.24192208 -0.41945812 -0.15308571 0.18785602 -0.25706646 -0.12824759
-0.3892532 0.32754514 -0.0021649923 0.25432116 0.19999377 -0.10174029 0.34354156 0.0074065127 0.35001817 0.21117283 0.11380804 0.25758842 0.13469473 -0.0011970119 -0.2292545 -0.12736724 0.34579509 -0.37128127 0.030844834 0.44366878 -0.059274398 0.43662915 0.038278066 0.13408183 -0.0054692444 0.24103151 -0.24005273 -0.42057765 -0.15251592 0.18615408 -0.2607334 -0.12926218
-0.38935226 0.32760319 -0.002397455 0.25664142 0.19964673 -0.0994763 0.34326848 0.00934981 0.34985572 0.21118334 0.11419698 0.25746161 0.13534975 0.00085875561 -0.22997251 -0.12485921 0.346192 -0.36997125 0.031913891 0.44383305 -0.057243995 0.4371568 0.039893754 0.1334109 -0.0055370387 0.23961575 -0.23962556 -0.42003086 -0.15237656 0.18720587 -0.26207528 -0.12909673
-0.38931522 0.32595721 -0.0030731207 0.2616016 0.19945006 -0.097414777 0.34377569 0.011707887 0.35067663 0.21287143 0.11571808 0.25936744 0.13725346 0.0031499448 -0.23082873 -0.12178636 0.34685758 -0.36773077 0.033374682 0.44404286 -0.055863947 0.43600729 0.041700646 0.13326891 -0.0049541183 0.23820162 -0.23823684 -0.42053765 -0.15206993 0.1898001 -0.26416045 -0.12949336
-0.39011735 0.32462695 -0.0037308314 0.26516092 0.19865096 -0.096949458 0.34478325 0.012867016 0.35039058 0.21360138 0.11714782 0.25942406 0.13952476 0.0038496037 -0.23193984 -0.11957126 0.34818998 -0.36621392 0.034382299 0.44469744 -0.055275071 0.43464199 0.04308752 0.13365826 -0.003831394 0.23606339 -0.23713 -0.41978753 -0.15238866 0.19324949 -0.26567861 -0.12927227
-0.39025652 0.32725903 -0.0034704043 0.26261955 0.1990023 -0.096849754 0.34352079 0.012105861 0.3487024 0.2111886 0.11596925 0.2576701 0.13876225 0.0034738271 -0.23221366 -0.1200393 0.34766629 -0.36575824 0.033791818 0.44423932 -0.055088606 0.43712401 0.043116178 0.1336392 -0.0041737487 0.23601145 -0.2384128 -0.4196437 -0.15207899 0.19410107 -0.26469707 -0.12822589
-0.39011452 0.32578412 -0.0038056574 0.26457411 0.19960465 -0.096289866 0.34397495 0.012908645 0.34996107 0.21262366 0.11694895 0.25944114 0.13931054 0.0041551832 -0.23230936 -0.11955897 0.34778333 -0.36528105 0.034161303 0.4443315 -0.054677851 0.43587682 0.043172497 0.13374847 -0.0040383274 0.23633109 -0.23766127 -0.42036751 -0.1519835 0.19480909 -0.26511058 -0.12903269
-0.39038143 0.32508352 -0.0039941422 0.26548466 0.19954349 -0.096166812 0.34440708 0.013108778 0.35013142 0.21307507 0.11744004 0.25946459 0.13968405 0.0041593504 -0.23268269 -0.11911734 0.34817976 -0.36545989 0.034508731 0.4448013 -0.05447495 0.43524024 0.043282919 0.13381016 -0.0038295474 0.23599234 -0.23736686 -0.41992724 -0.15228495 0.19493289 -0.26562428 -0.12923972
-0.39020976 0.32607698 -0.0037965227 0.26476505 0.1990408 -0.096356899 0.3439967 0.013034801 0.34937108 0.21227226 0.1168431 0.25883594 0.13957728 0.0043065064 -0.23252922 -0.1189447 0.34788543 -0.3651838 0.034416575 0.44440177 -0.054818299 0.43616706 0.043553401 0.13372922 -0.0038525111 0.23572966 -0.2377 -0.41998279 -0.15209697 0.19495453 -0.26557386 -0.12857622
-0.39034471 0.32546815 -0.0039876574 0.26563403 0.19932842 -0.096073113 0.34423423 0.013321245 0.34976029 0.2127717 0.11735463 0.25934032 0.13993642 0.0044823694 -0.23271227 -0.11870366 0.34814292 -0.3649033 0.034577761 0.44456398 -0.054463588 0.43559217 0.043631423 0.13382754 -0.0037148083 0.23563915 -0.23736568 -0.4200767 -0.15211909 0.19570933 -0.26570487 -0.12887432
-0.39038917 0.32652566 -0.0038530461 0.26401681 0.20002811 -0.095931888 0.34362048 0.012702439 0.34936616 0.21179219 0.11678482 0.25871935 0.13908701 0.0040690629 -0.23283325 -0.11948207 0.34775972 -0.36526734 0.034155183 0.44453064 -0.054301299 0.43665946 0.043191347 0.13378544 -0.0041478542 0.2362131 -0.23811984 -0.42000449 -0.15207839 0.19518378 -0.26498204 -0.12884882
-0.39019889 0.32669017 -0.0037240451 0.2633481 0.20027922 -0.095969364 0.34342152 0.012457827 0.34957337 0.21175461 0.11652238 0.25886577 0.13862032 0.0039723157 -0.23252948 -0.12005388 0.34749418 -0.36554754 0.033894725 0.444374 -0.05442445 0.43679744 0.042877391 0.13372245 -0.0044078054 0.23671035 -0.23827845 -0.42025611 -0.15197834 0.19442987 -0.26456949 -0.1290496
-0.39021498 0.32549018 -0.0038971566 0.26471332 0.20014849 -0.095918804 0.34401271 0.012867844 0.35026419 0.21282023 0.1171537 0.25961405 0.1390848 0.0041608047 -0.23257001 -0.11964958 0.34781739 -0.36562473 0.034247722 0.44466916 -0.054388572 0.43570554 0.0429538 0.1337532 -0.0041968981 0.23660313 -0.23769356 -0.42024595 -0.15215224 0.19438206 -0.26513138 -0.12947872
-0.39024696 0.32540891 -0.0038928592 0.26524684 0.19929868 -0.096242756 0.34425926 0.013101252 0.34990177 0.21285048 0.11718106 0.25929368 0.13960332 0.0042800629 -0.23255813 -0.11903647 0.3480258 -0.36541733 0.034495443 0.44463533 -0.054687846 0.43555266 0.043380357 0.13375321 -0.003866219 0.23592763 -0.23746565 -0.41999024 -0.15221506 0.19469599 -0.26565763 -0.12902933
-0.39034224 0.32523465 -0.0039570243 0.26597729 0.1987018 -0.096387766 0.34449396 0.013413656 0.34965619 0.21297045 0.11737949 0.25918606 0.14023422 0.0044663278 -0.23259115 -0.11843086 0.34831679 -0.36494166 0.034713473 0.44457674 -0.054746155 0.43529242 0.043827981 0.13380839 -0.0035097841 0.23525409 -0.23715045 -0.41987771 -0.15219893 0.19559945 -0.26604387 -0.12867284
-0.39048117 0.32727957 -0.0036986459 0.26299787 0.19977947 -0.096263371 0.34337279 0.012282895 0.34877175 0.21107164 0.1163345 0.25791261 0.13890144 0.0036727511 -0.23270139 -0.11985549 0.34774324 -0.36530018 0.033858992 0.44437277 -0.054445572 0.4372215 0.043160986 0.13377842 -0.0041661053 0.23604746 -0.23844667 -0.41977367 -0.15202945 0.19528189 -0.26457947 -0.12842245
-0.39014739 0.32638505 -0.0037571816 0.26357579 0.20033285 -0.096021771 0.34353524 0.012519516 0.34986451 0.21207549 0.11666691 0.2592133 0.13868643 0.003944315 -0.23243208 -0.12014051 0.34751189 -0.36552742 0.033878766 0.44434956 -0.054427858 0.43649679 0.042807452 0.13373886 -0.0043806108 0.23684911 -0.23813803 -0.42041913 -0.15194218 0.19446184 -0.26456618 -0.12919222
-0.39043564 0.32815418 -0.0033346834 0.25992364 0.20093353 -0.096513361 0.34271759 0.010740294 0.34897634 0.2102824 0.11545975 0.25720215 0.13712429 0.0023912883 -0.23222098 -0.12226431 0.34728017 -0.36678168 0.032830063 0.44449753 -0.054509636 0.43787766 0.041785538 0.13368724 -0.0050179618 0.23751383 -0.23939222 -0.41967717 -0.15211084 0.19292854 -0.26287279 -0.12905042
-0.38991889 0.32752854 -0.0032252588 0.2601518 0.20073125 -0.096844815 0.34288716 0.010906282 0.34976476 0.21117471 0.11541787 0.25827172 0.13696086 0.0025399541 -0.23154552 -0.12256957 0.3469075 -0.36705035 0.032743871 0.44410878 -0.055042978 0.43727991 0.041546691 0.133581 -0.0051196776 0.23815471 -0.23908514 -0.42036799 -0.15189834 0.19169936 -0.26298875 -0.12936571
-0.38988033 0.32645237 -0.0034985556 0.261693 0.20089413 -0.096521609 0.34336787 0.01158393 0.35046425 0.21208799 0.11611979 0.25925705 0.1374031 0.0030611614 -0.2318898 -0.12186415 0.34698173 -0.36699307 0.033240832 0.44438708 -0.054865617 0.43655515 0.041686822 0.13360532 -0.0049675908 0.23823479 -0.23865111 -0.42047644 -0.15205161 0.19174847 -0.26369205 -0.12980737
-0.39026371 0.3301391 -0.0024413448 0.25534719 0.19992219 -0.098511457 0.34199595 0.0079804501 0.34777984 0.2084007 0.11373897 0.25403157 0.13556105 -9.1153335e-05 -0.23107307 -0.12510794 0.34736696 -0.36811265 0.031574488 0.44489545 -0.056095958 0.43900785 0.040618215 0.13369219 -0.0053675161 0.23763339 -0.24061242 -0.41884449 -0.15254378 0.19082412 -0.26064175 -0.12828542
-0.38956714 0.32562846 -0.0031928052 0.2616922 0.199865 -0.097933762 0.34407437 0.011141419 0.35082808 0.21304652 0.11599147 0.25975195 0.13759476 0.0023540994 -0.2309138 -0.12239593 0.34714982 -0.36737272 0.033024885 0.44413775 -0.056252055 0.43558535 0.041375909 0.13368019 -0.0047502094 0.23835401 -0.23818429 -0.42076239 -0.15209749 0.19124557 -0.2636756 -0.12971815
-0.38998556 0.32553086 -0.0035423487 0.26304802 0.19945793 -0.097435966 0.34429988 0.012005703 0.3502472 0.21271397 0.1165112 0.25917965 0.13846631 0.0031389403 -0.23191521 -0.12086914 0.34744716 -0.36705238 0.033795893 0.44455272 -0.055785824 0.43565419 0.042182669 0.13376525 -0.0043163043 0.23730384 -0.23803198 -0.42000133 -0.15244146 0.19214897 -0.26476228 -0.12932457
-0.38980541 0.32674992 -0.0033008181 0.26272032 0.19885382 -0.09688206 0.34362704 0.012321527 0.34930986 0.21190143 0.11590744 0.25835964 0.13840786 0.0038527991 -0.23168105 -0.1201212 0.34735784 -0.36628655 0.03390637 0.44406909 -0.055408332 0.43671864 0.042922348 0.13344161 -0.0043936432 0.23652223 -0.2381694 -0.4200435 -0.15202737 0.19258548 -0.26486182 -0.12852125
-0.39020595 0.32663909 -0.0037341854 0.26317856 0.20058317 -0.095880881 0.34337926 0.012348066 0.34974661 0.21180308 0.11654108 0.25897765 0.13842511 0.0038704213 -0.23254563 -0.12030272 0.34744707 -0.36571079 0.03381465 0.44444025 -0.054322246 0.43677062 0.042686485 0.13372336 -0.0045215227 0.23696852 -0.23834644 -0.42029727 -0.15199444 0.19420783 -0.26441193 -0.12925145
-0.39056247 0.32965973 -0.0028590823 0.2570174 0.20061521 -0.097505942 0.3421348 0.0089916671 0.34800515 0.20878777 0.11443698 0.25501463 0.13624832 0.00080502057 -0.2317594 -0.12400135 0.34746236 -0.36733392 0.031981014 0.44475803 -0.055112395 0.43879095 0.041142885 0.13375989 -0.00520636 0.23743315 -0.24024616 -0.41908744 -0.15232848 0.19248922 -0.26131853 -0.12851921
-0.38967234 0.32654208 -0.0032355997 0.26078436 0.20064799 -0.097341374 0.34340584 0.010960523 0.35053861 0.2121872 0.11572318 0.25932041 0.13710213 0.002368904 -0.23122674 -0.12273475 0.34686816 -0.36726448 0.032781761 0.44408387 -0.055598319 0.43644962 0.041252024 0.1336493 -0.0050373795 0.23863652 -0.23871715 -0.42079157 -0.15194133 0.19136187 -0.26317149 -0.12972267
-0.3899205 0.32669261 -0.0033549964 0.26097563 0.20050916 -0.097089984 0.34345096 0.011225292 0.35012206 0.21175219 0.11581662 0.25871342 0.13725547 0.0026860542 -0.23177445 -0.12216071 0.34693399 -0.36746919 0.033115797 0.44439164 -0.055392276 0.43673232 0.04152137 0.13364026 -0.0049590007 0.23822236 -0.23884724 -0.42016169 -0.15222684 0.1911889 -0.26358274 -0.12955885
-0.38974649 0.32720888 -0.0031487418 0.26100314 0.19983847 -0.096853919 0.34317616 0.01146256 0.34962353 0.21152334 0.11545185 0.25826588 0.13730443 0.0031707038 -0.23143882 -0.12162554 0.34697983 -0.36706924 0.033248432 0.44409481 -0.055341296 0.43709981 0.042047143 0.13340706 -0.0049674758 0.23760669 -0.23874493 -0.42017844 -0.15199634 0.19120041 -0.26379886 -0.12908156
-0.39026704 0.32842663 -0.0031248049 0.25885084 0.2008972 -0.096912295 0.34254268 0.010215366 0.34904373 0.21014039 0.11503668 0.25699186 0.13660131 0.001931174 -0.2317435 -0.12312186 0.34708291 -0.36725265 0.03242616 0.4443408 -0.054844391 0.43796781 0.041374844 0.13362744 -0.0052246274 0.23793288 -0.23959938 -0.41977528 -0.1520502 0.19191977 -0.26234171 -0.12910499
-0.38994834 0.32787588 -0.0030867031 0.25886762 0.2009517 -0.097222283 0.34271199 0.010228783 0.34974483 0.2108306 0.11506534 0.25784621 0.13638765 0.0018357867 -0.23130575 -0.12357312 0.34678534 -0.36763451 0.032286178 0.44411489 -0.055182464 0.43745783 0.041013166 0.13357931 -0.005324766 0.23861544 -0.23943464 -0.42024449 -0.15193406 0.19089626 -0.2623308 -0.12945028
-0.38970309 0.32632753 -0.003371055 0.26137054 0.20060529 -0.096916318 0.34346187 0.011413955 0.35063109 0.21228814 0.11594027 0.25933579 0.13722989 0.0028549065 -0.23151645 -0.12221845 0.34687111 -0.36733398 0.033104625 0.44427285 -0.055258598 0.43638423 0.041500717 0.13354309 -0.0050149919 0.23845553 -0.23862654 -0.42054626 -0.15204567 0.19093418 -0.26360932 -0.12982993
-0.3897908 0.32581079 -0.0035122619 0.26322389 0.19968492 -0.096648179 0.34388855 0.012292472 0.35033041 0.21269597 0.11639007 0.25933608 0.13823776 0.0037146688 -0.23181807 -0.12060868 0.34732059 -0.36667967 0.033865828 0.44441164 -0.055236697 0.43595338 0.042430833 0.13352731 -0.0045470363 0.23727347 -0.23802014 -0.42026475 -0.15216136 0.19192214 -0.26476941 -0.12945662
-0.39001581 0.32618997 -0.0036518632 0.26376545 0.1996952 -0.096249394 0.34373885 0.012599722 0.34979206 0.21226658 0.11654188 0.25903913 0.13871516 0.0040768073 -0.23227538 -0.11985494 0.34751523 -0.36589926 0.034089543 0.44441712 -0.054854605 0.43633285 0.042935461 0.1336263 -0.0043365033 0.23662807 -0.23801471 -0.42017901 -0.15209529 0.19348121 -0.26500922 -0.12909305
-0.39025101 0.32522383 -0.0039116279 0.26544702 0.19934539 -0.096177474 0.34432429 0.013164222 0.35004243 0.21303643 0.11728888 0.25946671 0.13967873 0.0043464894 -0.23250708 -0.11903183 0.34809944 -0.36534268 0.034504592 0.44463515 -0.054625981 0.43535289 0.043393835 0.13376622 -0.0038482144 0.23591194 -0.23733948 -0.42006037 -0.15219392 0.19483611 -0.26563337 -0.12913309
-0.39033011 0.32596397 -0.0038991345 0.26483864 0.19951449 -0.096114956 0.3439782 0.013007727 0.34954554 0.21231705 0.11702705 0.25898495 0.13951159 0.0042437734 -0.2327449 -0.11904927 0.34793225 -0.36519256 0.034402013 0.44456169 -0.054512948 0.43610573 0.043417946 0.13378297 -0.0039126957 0.23590608 -0.23774135 -0.41998395 -0.15213792 0.19519521 -0.2654635 -0.12881736
-0.39033556 0.32736847 -0.0036054058 0.26247782 0.2000615 -0.096226729 0.34321404 0.012082532 0.34898415 0.21106759 0.11614826 0.25804916 0.13847968 0.0036173242 -0.23249605 -0.12032121 0.34752542 -0.36559808 0.033672567 0.44430387 -0.054510709 0.43730614 0.042875145 0.13372551 -0.0044063055 0.23648946 -0.23857884 -0.41995484 -0.1519808 0.19455464 -0.2642588 -0.12866056
-0.39049184 0.32910809 -0.003074971 0.25815964 0.20091581 -0.097033374 0.34228852 0.0097544203 0.34848219 0.20941944 0.11484075 0.25610241 0.13659886 0.0014756899 -0.23188362 -0.12339824 0.347307 -0.36698276 0.032218318 0.44447187 -0.05474101 0.43839821 0.04138153 0.13374282 -0.0051417402 0.23759599 -0.23987962 -0.41954896 -0.15208368 0.19286613 -0.26185107 -0.12877209
-0.38980263 0.32703805 -0.003285259 0.26016954 0.20117651 -0.09699323 0.34304091 0.010788628 0.35038909 0.2116593 0.11560309 0.25895467 0.13677363 0.0022756523 -0.23147158 -0.12303031 0.34675378 -0.36733598 0.032619808 0.44415617 -0.05513113 0.43689656 0.041111827 0.13363691 -0.0052021411 0.23880953 -0.23905346 -0.42067823 -0.15191284 0.19131379 -0.26282305 -0.12978914
-0.38976598 0.32640341 -0.0034019328 0.26148739 0.20056686 -0.096836463 0.34346774 0.011495661 0.35044914 0.21212986 0.1159614 0.25916892 0.13731197 0.00299345 -0.2317135 -0.12195507 0.3468819 -0.36732802 0.033240777 0.44435722 -0.055266809 0.43650642 0.041609917 0.13357246 -0.0049737892 0.23829418 -0.238662 -0.42040706 -0.15213488 0.19103917 -0.26377043 -0.12974991
-0.38976836 0.32656592 -0.0033855592 0.26228446 0.19998166 -0.096492015 0.3434397 0.011991505 0.34997985 0.21205851 0.11598261 0.25891072 0.13777556 0.0036370638 -0.23179309 -0.12094597 0.34709403 -0.36673105 0.033635795 0.44428009 -0.055138223 0.43665534 0.042298432 0.13348004 -0.0047921129 0.23746434 -0.23841719 -0.42030489 -0.15205665 0.19174697 -0.26434058 -0.12932712
-0.39002529 0.32590309 -0.0037343777 0.26391169 0.20016752 -0.096042469 0.34376004 0.01260401 0.35018021 0.21253139 0.11674513 0.2594454 0.1386169 0.0040673655 -0.23233961 -0.12005323 0.3475022 -0.36595115 0.034050945 0.44451395 -0.054639366 0.4361048 0.042740196 0.13366407 -0.0044247746 0.23694588 -0.23796915 -0.42034334 -0.1520955 0.19348346 -0.26487368 -0.12945244
-0.3904289 0.3284255 -0.00322848 0.25977102 0.20041987 -0.096745983 0.3427099 0.010653444 0.34859148 0.21003656 0.11524778 0.25672102 0.13723831 0.0023446588 -0.2321129 -0.1221227 0.34737357 -0.36669961 0.032844838 0.44445759 -0.054765739 0.4380447 0.041976672 0.13366489 -0.0049138907 0.23712693 -0.23941189 -0.41950011 -0.15213767 0.19299416 -0.26293248 -0.12871853
-0.38984489 0.32643023 -0.0034853101 0.26221213 0.20053983 -0.096545443 0.34342396 0.011804435 0.35031319 0.21220371 0.11617359 0.25935811 0.13780625 0.003267776 -0.23178928 -0.12144315 0.34713456 -0.36644614 0.03334276 0.44421148 -0.054943923 0.43646839 0.042028766 0.13363507 -0.0047840727 0.23781991 -0.23842087 -0.42064908 -0.15192106 0.19262038 -0.26388702 -0.12955643
-0.39002511 0.32613733 -0.003660982 0.2628271 0.20055914 -0.096323617 0.34362844 0.012091008 0.35029459 0.2122611 0.11649518 0.25928491 0.13804555 0.0034992688 -0.23225634 -0.1209197 0.34726065 -0.36655974 0.033691779 0.44454572 -0.054748569 0.43632844 0.042187929 0.13366748 -0.0046624034 0.23759022 -0.23834777 -0.42028758 -0.15215886 0.19264767 -0.26434568 -0.12962684
-0.38993123 0.32690412 -0.0034408753 0.26230651 0.20000321 -0.096365556 0.34331596 0.01201516 0.3496069 0.21167746 0.11598627 0.25858474 0.13796796 0.0036778613 -0.23202519 -0.12071782 0.34720144 -0.36636579 0.033657283 0.44428098 -0.054953858 0.43694073 0.042505249 0.13354988 -0.0046916441 0.23713709 -0.23849969 -0.42019787 -0.15202646 0.1925769 -0.26432651 -0.12909755
-0.39008507 0.32679448 -0.003632209 0.26252574 0.2007992 -0.09594699 0.34322348 0.012057557 0.34987605 0.21171518 0.11630252 0.25895843 0.13797024 0.0036795705 -0.23237135 -0.12081464 0.34722835 -0.36611196 0.033612851 0.44441354 -0.054443404 0.43691051 0.042365734 0.13367085 -0.0047449023 0.23739997 -0.23854664 -0.42037836 -0.15199019 0.19335544 -0.26411352 -0.1294255
-0.39027008 0.32818282 -0.0032685841 0.25971332 0.2010033 -0.096537486 0.34263802 0.010658029 0.34914076 0.21035509 0.11532506 0.25733802 0.13690588 0.0023942974 -0.23205404 -0.12247843 0.34711507 -0.36692205 0.032746747 0.44443625 -0.0546447 0.43788147 0.041643128 0.13364732 -0.0051279911 0.23776761 -0.23943551 -0.41986847 -0.152064 0.19240966 -0.26275605 -0.12917799
