0.1853906 0.48162044 -0.45741256 0.25429798 -0.73748145 0.075277028 -0.29142679 0.22057861 0.3437598 0.32712693 0.071742118 -0.40044991 0.1168546 0.09106964 -0.2567793 0.47843156 0.23676521 -1.0032202 0.12406608 -0.40775522 0.20071503 -0.15619632 0.032744502 -0.43873614 -0.18686332 -0.053626891 0.097104954 0.12253214 -0.11353344 -0.15108617 0.068135642 -0.70879765
0.15322984 0.49084905 -0.45231832 0.34609241 -0.72301279 -0.11726565 -0.29736923 0.16065463 0.19498665 0.17867538 0.12787603 -0.20700493 0.051248631 0.18285005 -0.13475301 0.46084333 0.22500907 -0.9282299 0.13869041 -0.4432317 0.28697975 -0.19034153 -0.0099082027 -0.53333786 0.010062158 -0.10274361 -0.050229378 0.059438186 0.04928119 -0.17725061 0.047736784 -0.74418655
0.080135492 0.44722261 -0.44152491 0.23525617 -0.58113093 0.14715188 -0.46395326 0.22498609 0.21229793 0.23216948 0.093347743 -0.31792943 0.38011897 -0.051033619 -0.40011891 0.46751772 0.19065042 -0.93354216 0.15777714 -0.41243075 0.29139724 -0.073672893 0.035807453 -0.56291211 -0.092423833 -0.20813742 0.074032619 0.095073491 -0.031375782 -0.2640889 -0.017045651 -0.76062719
0.091443705 0.4470323 -0.43749762 0.24125439 -0.59787548 0.11381406 -0.42887421 0.21324321 0.21679773 0.23453712 0.094089616 -0.31169229 0.32368454 -0.015875492 -0.35688185 0.46103451 0.19165573 -0.92115663 0.15307367 -0.40833301 0.28109173 -0.09133892 0.03007824 -0.53959 -0.091581591 -0.18345899 0.068135687 0.089791067 -0.031278596 -0.24192248 -0.0048139529 -0.74533429
0.056333675 0.38538026 -0.40735822 0.14630821 -0.48374033 0.29897479 -0.5003065 0.26100222 0.25404497 0.28581856 0.061475089 -0.41803566 0.49766445 -0.16472022 -0.50337973 0.45468418 0.15640332 -0.87237095 0.15473589 -0.35785819 0.24254916 -0.018598897 0.0594548 -0.50316502 -0.19125815 -0.22667218 0.18021756 0.12357885 -0.1077256 -0.27632469 -0.02543699 -0.70160407
0.17233173 0.47562191 -0.43330715 0.35165784 -0.73293248 -0.17344994 -0.22914783 0.13968432 0.19782012 0.17458381 0.12745909 -0.18873473 -0.048836783 0.238651 -0.05546594 0.43797544 0.22450521 -0.87938524 0.12970894 -0.41993416 0.25471378 -0.21332468 -0.021739123 -0.48307888 0.013235449 -0.056913343 -0.060028408 0.056169344 0.051609639 -0.13772694 0.072021743 -0.69702063
0.16948151 0.32563095 -0.36749073 0.069373815 -0.53518112 0.3895951 -0.31791922 0.31548869 0.47226603 0.43595774 -0.0015900757 -0.6447112 0.28234223 -0.12466674 -0.42323357 0.45671377 0.16394554 -0.84499856 0.092332039 -0.27996423 0.055426641 -0.057977128 0.080237628 -0.27264514 -0.40299354 -0.06142477 0.3201301 0.19916774 -0.28429597 -0.15665933 0.089433914 -0.52867356
0.14820126 0.3381568 -0.37401749 0.087428494 -0.52664455 0.36433439 -0.34862224 0.30131218 0.42609575 0.40182757 0.011061702 -0.59198921 0.31705295 -0.12736749 -0.43269264 0.4528135 0.16424257 -0.84919822 0.10336947 -0.29508239 0.092252215 -0.051517269 0.075137186 -0.31773312 -0.35576382 -0.090878152 0.28552498 0.18303846 -0.24631593 -0.17776692 0.067046916 -0.56050879
0.11743815 0.32540761 -0.3615149 0.085748101 -0.47938497 0.35932728 -0.37850349 0.2885854 0.37604627 0.3621448 0.018205636 -0.54465229 0.36490175 -0.14992891 -0.44788825 0.43668128 0.14947838 -0.81228855 0.108004 -0.29330756 0.11892746 -0.034179192 0.072503481 -0.34318554 -0.31317223 -0.12553935 0.26198283 0.16529625 -0.21307533 -0.19850736 0.042259325 -0.56194965
0.14473739 0.44765406 -0.40102418 0.38681217 -0.67871768 -0.2746112 -0.21836499 0.10401047 0.10505406 0.064748385 0.15491664 -0.070126219 -0.096114373 0.28005652 0.027525947 0.40863065 0.20114981 -0.77699693 0.12156178 -0.41955742 0.28893969 -0.22343289 -0.045734307 -0.51262155 0.14086213 -0.08463125 -0.1510813 0.013136457 0.14737299 -0.14694405 0.062886242 -0.66692488
0.19571323 0.55320109 -0.52687625 0.36753727 -0.85134621 -0.071709021 -0.33909233 0.22022417 0.29795146 0.27248037 0.13665167 -0.34566494 0.055224272 0.19503051 -0.17458515 0.55868039 0.25494228 -1.073688 0.1643835 -0.49005633 0.28167397 -0.21991898 -0.0059177686 -0.57276984 -0.072602085 -0.096145678 0.025922868 0.098932059 -0.0070641475 -0.19444811 0.087213622 -0.84392202
0.2053644 0.50508106 -0.50511775 0.26632945 -0.79773202 0.12443334 -0.35143966 0.27997854 0.40998948 0.37899801 0.08542735 -0.51779952 0.14776496 0.078849348 -0.29365675 0.56455763 0.23762674 -1.0740882 0.14564877 -0.44254623 0.20496384 -0.17419499 0.032267019 -0.48168297 -0.23468956 -0.080876757 0.16385699 0.15051956 -0.13882328 -0.18708049 0.099014018 -0.77952224
0.18000297 0.49847657 -0.499795 0.26337948 -0.75993248 0.13379956 -0.38713796 0.2742839 0.37203479 0.35332477 0.089212091 -0.48703767 0.20629005 0.048883685 -0.32340566 0.55581551 0.22725746 -1.0581128 0.15213712 -0.44537868 0.23109032 -0.15636777 0.033186058 -0.50933741 -0.20815937 -0.11577263 0.15054264 0.14032035 -0.11568214 -0.21058918 0.07474242 -0.79117229
0.18007613 0.50240199 -0.4963721 0.27037879 -0.76364615 0.10771382 -0.37016501 0.26018165 0.35908065 0.34271438 0.091007276 -0.4571344 0.18517266 0.065789225 -0.3048147 0.54209997 0.23309954 -1.052712 0.15048405 -0.44157035 0.23024659 -0.15825568 0.030179241 -0.50576575 -0.19297997 -0.10455689 0.13123356 0.13421971 -0.10610186 -0.20058011 0.072244409 -0.78445346
0.18041703 0.55224672 -0.50722401 0.39416853 -0.82888842 -0.1605506 -0.30833745 0.17026446 0.22142859 0.20730681 0.14649429 -0.22760871 0.015322755 0.2350899 -0.11762608 0.51224796 0.25550989 -1.0300077 0.15988041 -0.48879698 0.30917781 -0.22580111 -0.018486105 -0.58195145 0.0073737019 -0.094104071 -0.05358917 0.066775105 0.054424534 -0.18235163 0.065143565 -0.82846915
0.18723292 0.54592303 -0.49821063 0.39780496 -0.83146907 -0.18575989 -0.2803939 0.16017692 0.21936735 0.20026777 0.14621348 -0.21578139 -0.026892993 0.25858355 -0.083284093 0.5019174 0.25434053 -1.0097525 0.15385058 -0.48224035 0.30021529 -0.23633423 -0.023206101 -0.56344813 0.01475256 -0.077215565 -0.063822284 0.06250308 0.058640663 -0.16665154 0.073629963 -0.80876667
0.21935131 0.54048891 -0.48297363 0.40364006 -0.86018217 -0.23692004 -0.19635261 0.14047157 0.24107493 0.20764149 0.1370401 -0.20973099 -0.14563305 0.32044995 -0.0022287941 0.48137636 0.26100407 -0.99123463 0.1324409 -0.47076376 0.26888916 -0.26832319 -0.028280394 -0.50256731 0.0058030801 -0.01790389 -0.079208631 0.059565672 0.047168518 -0.11581722 0.10008278 -0.76011069
0.18394294 0.52768475 -0.47648458 0.39651272 -0.81139319 -0.2229258 -0.24623642 0.13715616 0.19681867 0.17905556 0.14591897 -0.18254449 -0.071881751 0.28374425 -0.036902941 0.4762369 0.24271453 -0.95831001 0.14548294 -0.46902098 0.29645333 -0.24594648 -0.030205909 -0.53590843 0.035719137 -0.063514284 -0.082694961 0.046816367 0.073713477 -0.14699386 0.074920531 -0.77429697
0.13678858 0.43103165 -0.43460134 0.21963195 -0.6302179 0.1486385 -0.37682021 0.24156091 0.30318385 0.2990688 0.074756926 -0.41719667 0.24958905 0.0010682194 -0.3289398 0.48202237 0.1896335 -0.92610917 0.13665644 -0.39529086 0.22572404 -0.11752146 0.035929574 -0.46707207 -0.17607122 -0.13473243 0.13119249 0.11859815 -0.093907457 -0.20735617 0.041101391 -0.70538038
0.15023322 0.42115204 -0.4296429 0.19687466 -0.63121488 0.19217734 -0.36274061 0.2589285 0.34624562 0.33123349 0.060396414 -0.46839509 0.24522316 -0.014974129 -0.34450958 0.48545517 0.19100588 -0.93196031 0.12644969 -0.3819011 0.19457077 -0.11248222 0.045311745 -0.43354947 -0.22232031 -0.11538274 0.16515713 0.13537423 -0.13443896 -0.19534526 0.054501204 -0.68049063
0.097843391 0.38471084 -0.40367017 0.17899031 -0.53177027 0.21550078 -0.42424259 0.24954396 0.2719807 0.27825329 0.066847028 -0.4165633 0.3518632 -0.07745087 -0.39111872 0.46107119 0.15796332 -0.85648337 0.13765193 -0.36856098 0.22892814 -0.074525767 0.04407448 -0.46685817 -0.17560406 -0.18170825 0.15341308 0.1174198 -0.091320423 -0.23766804 0.014484195 -0.67545875
0.11327977 0.50922027 -0.49159542 0.33050708 -0.70141043 -0.010541426 -0.44014983 0.20257893 0.18811479 0.2054905 0.13451317 -0.26879863 0.24889501 0.079329047 -0.27922446 0.51491152 0.21062669 -0.99373658 0.17732093 -0.47898052 0.34584745 -0.15412417 0.0034041839 -0.62389919 -0.018089771 -0.19887808 0.0079154856 0.07110995 0.042860117 -0.2585694 0.0096279201 -0.84725388
0.083817988 0.49692646 -0.47946041 0.32828397 -0.653877 -0.011794179 -0.47061538 0.19083562 0.13938742 0.16761827 0.14003065 -0.2227131 0.30034861 0.053583898 -0.29864263 0.49834021 0.19720127 -0.9607226 0.18171885 -0.47747301 0.37216623 -0.13553412 0.0019814159 -0.6493889 0.021432944 -0.23367122 -0.015024851 0.055617281 0.074471752 -0.28001567 -0.016019857 -0.84930998
0.075692044 0.48656311 -0.46944869 0.31433097 -0.63298418 0.00074188826 -0.46977498 0.18576941 0.13356775 0.16875422 0.13443482 -0.22014074 0.31429308 0.04054865 -0.3077185 0.48559377 0.19051163 -0.94320915 0.17975082 -0.46758186 0.36936507 -0.12712073 0.0049600225 -0.63656596 0.014789403 -0.23465345 -0.0086793626 0.052864425 0.06836516 -0.27716481 -0.023289052 -0.83559115
0.01918741 0.44792937 -0.43875802 0.25925444 -0.52272642 0.087977486 -0.53215003 0.18202234 0.088027766 0.15538066 0.12031553 -0.20137209 0.4640714 -0.062275819 -0.4081742 0.44657491 0.16372906 -0.88543124 0.18759715 -0.43372484 0.37899803 -0.062879272 0.019910518 -0.6403864 0.0066822476 -0.28583354 0.016746721 0.04851889 0.06039081 -0.3095185 -0.072641554 -0.8147094
0.16406903 0.4131354 -0.42654293 0.1792368 -0.64272558 0.21096444 -0.33937684 0.26592047 0.38278023 0.36645836 0.05042097 -0.51639572 0.21707775 -0.0087555397 -0.33480525 0.48958864 0.18674899 -0.92787839 0.12179247 -0.37117649 0.16934263 -0.12189122 0.048241542 -0.39387635 -0.26668772 -0.091249026 0.20159342 0.14399708 -0.16919018 -0.17557007 0.071383619 -0.66138987
0.14676978 0.39277874 -0.40535097 0.18595985 -0.60219749 0.17635477 -0.33636465 0.24703297 0.33547885 0.31846979 0.058327687 -0.46037766 0.21123278 -0.0026509606 -0.30793121 0.4665048 0.17294952 -0.87019865 0.11942207 -0.3624291 0.18169429 -0.11834993 0.03929402 -0.40038294 -0.21609844 -0.10593576 0.16651631 0.12669737 -0.12968508 -0.18035867 0.061653602 -0.64033286
0.16727808 0.53031627 -0.45759882 0.459692 -0.80440334 -0.39543953 -0.20201837 0.065528704 0.08139733 0.070638126 0.17707069 -0.017538413 -0.17545383 0.38190779 0.094311531 0.43461267 0.23280137 -0.88521221 0.1442818 -0.4876949 0.35426769 -0.28598829 -0.062696567 -0.56540846 0.178475 -0.068211072 -0.20598595 -0.012068445 0.18804804 -0.13300919 0.060306511 -0.77174918
0.17346204 0.50433725 -0.47921912 0.34543189 -0.77822844 -0.10301864 -0.30382566 0.1818617 0.24663255 0.2364807 0.1298587 -0.29733167 0.026731377 0.20355156 -0.12493094 0.50784348 0.21763359 -0.96251922 0.15287462 -0.46209264 0.28493858 -0.22329623 -0.013391849 -0.52316598 -0.046509933 -0.095507328 0.010747239 0.069775116 0.015611829 -0.17339268 0.07511473 -0.78108266
0.19548746 0.50910985 -0.45317652 0.39018426 -0.80598924 -0.25657973 -0.18709631 0.11674134 0.19854719 0.17601214 0.13863672 -0.16824162 -0.14676219 0.31938848 0.020889863 0.44877267 0.23741366 -0.91278202 0.13079274 -0.44818412 0.27158632 -0.26101706 -0.035058774 -0.48362036 0.033808443 -0.025821702 -0.090724298 0.039672422 0.068722728 -0.11056471 0.088555831 -0.72401066
0.15014955 0.39594279 -0.40511609 0.20631919 -0.61439377 0.1231122 -0.31712063 0.23135385 0.31547983 0.30047738 0.06957623 -0.42706979 0.16697414 0.035252226 -0.26235275 0.46159576 0.17413835 -0.85204828 0.12392451 -0.36297437 0.18555627 -0.13408267 0.027334609 -0.40300882 -0.18806419 -0.097474466 0.14436861 0.11751381 -0.10378819 -0.17203432 0.067900843 -0.64096415
0.11790549 0.39171512 -0.40908756 0.16121707 -0.56896153 0.23479429 -0.39053645 0.25488338 0.32383935 0.33106111 0.054967358 -0.46832093 0.31403174 -0.062686693 -0.38525364 0.46388422 0.16886129 -0.87733667 0.13582459 -0.35319004 0.19038128 -0.081499025 0.04874219 -0.4220938 -0.23517313 -0.13776944 0.19537955 0.1322569 -0.14324938 -0.20705961 0.034953952 -0.66143371
0.16421079 0.40349725 -0.41608009 0.16621371 -0.63463184 0.21334619 -0.31952579 0.259781 0.38803176 0.37610142 0.045780264 -0.51523076 0.20480809 -0.0068077037 -0.32866591 0.47291862 0.18826376 -0.90539333 0.12185009 -0.34758171 0.14454415 -0.11413133 0.047980796 -0.3674064 -0.28217494 -0.071698173 0.21398809 0.14872076 -0.18368884 -0.16060263 0.075472966 -0.63649022
0.19217567 0.50475147 -0.47487348 0.29191393 -0.78166173 0.004198193 -0.28239304 0.20479407 0.32396931 0.31138292 0.090870084 -0.36975453 0.064584172 0.14677659 -0.20364029 0.4915383 0.24257686 -1.0149862 0.13613925 -0.42938851 0.22333992 -0.18661413 0.016586158 -0.46382102 -0.15037386 -0.05027422 0.069102459 0.10879903 -0.079535179 -0.14805612 0.076639306 -0.74298201
0.17853076 0.5100117 -0.47283701 0.31979698 -0.77869813 -0.064635828 -0.28023363 0.17780991 0.27123241 0.26553299 0.10866262 -0.30141103 0.039514072 0.18188977 -0.15962171 0.48122537 0.23722534 -0.98921136 0.14159256 -0.44113038 0.25508076 -0.20002974 0.0024236833 -0.48981591 -0.086805478 -0.063070993 0.020832788 0.08230489 -0.027645024 -0.15121188 0.066515523 -0.75535778
0.15567805 0.36569405 -0.37536831 0.18794702 -0.59222687 0.10842021 -0.26451905 0.21795683 0.32196002 0.29959682 0.061642322 -0.42429224 0.10696574 0.05599774 -0.21600352 0.43298262 0.1636999 -0.78788988 0.1099777 -0.32907026 0.14832043 -0.13821059 0.02355299 -0.34451857 -0.19748975 -0.062603258 0.15109028 0.11449909 -0.11671887 -0.13882167 0.083415771 -0.57797278
0.21136339 0.57923125 -0.51210523 0.44828855 -0.90797404 -0.31189936 -0.21475395 0.11966096 0.20175318 0.18414261 0.16314618 -0.16103172 -0.16461114 0.36943374 0.031878873 0.50009928 0.26762916 -1.0232754 0.152892 -0.50787659 0.31867415 -0.29471493 -0.044137655 -0.55772821 0.059853788 -0.034596082 -0.11802497 0.034652503 0.094615801 -0.1268291 0.092099687 -0.82547556
0.21545741 0.6035861 -0.50868062 0.50376572 -0.93702558 -0.45100789 -0.1586385 0.061207263 0.13144263 0.11904275 0.1806122 -0.031408301 -0.2660244 0.45893479 0.13287217 0.46537346 0.2821266 -1.0130082 0.14665777 -0.52776441 0.35496542 -0.32944609 -0.063480553 -0.57323437 0.15437687 -0.012729691 -0.22149083 -0.0036703357 0.16760469 -0.10027143 0.082282854 -0.82922271
0.19152254 0.57740278 -0.50610038 0.45563471 -0.87960114 -0.32538584 -0.2353531 0.10555892 0.15754891 0.14922055 0.16812528 -0.11105854 -0.13047778 0.35675201 0.021373355 0.48523818 0.26298514 -1.0096147 0.15623154 -0.51328954 0.34610641 -0.28369054 -0.045960092 -0.58496511 0.099370642 -0.060460038 -0.14971422 0.021432471 0.12677732 -0.14317309 0.06951846 -0.83466852
0.18380882 0.53637173 -0.47470966 0.40524075 -0.82419865 -0.26239865 -0.22230092 0.112398 0.17863616 0.17262197 0.14692154 -0.14858717 -0.10533122 0.31349369 -0.0062036555 0.4595547 0.24593066 -0.95519126 0.14577467 -0.47084494 0.30483192 -0.25781632 -0.035119034 -0.52733136 0.049659482 -0.048244209 -0.10325651 0.033261364 0.083774506 -0.12986193 0.070219411 -0.77442279
0.20470129 0.53925956 -0.46683729 0.45336585 -0.8582125 -0.38319286 -0.15649185 0.08226211 0.15102435 0.12286329 0.16644032 -0.082417084 -0.24261225 0.40956112 0.11637943 0.44994029 0.24994527 -0.91747145 0.13552112 -0.47854065 0.30710316 -0.30350154 -0.05910849 -0.52047521 0.11963988 -0.016161914 -0.16953136 0.011109451 0.13722921 -0.10038948 0.09593977 -0.75393221
0.22396745 0.54462373 -0.50085182 0.37838589 -0.87820424 -0.16058581 -0.2299344 0.17722561 0.2981116 0.26270203 0.12951359 -0.30341792 -0.099412936 0.28355057 -0.057556787 0.51740775 0.25938658 -1.0288214 0.14071811 -0.47190691 0.25199626 -0.25982858 -0.017873484 -0.49958889 -0.059754919 -0.023321126 -0.011141969 0.081965386 -0.0052494182 -0.12763999 0.11228513 -0.7806429
0.18130938 0.39559318 -0.40427224 0.19663613 -0.65236749 0.12923215 -0.26698275 0.24044304 0.37285427 0.33954429 0.057724216 -0.48030305 0.094732507 0.063909856 -0.23026455 0.46804991 0.18212473 -0.86385517 0.10941243 -0.35341995 0.14519199 -0.15354493 0.030175032 -0.35207558 -0.23449892 -0.049031251 0.17128136 0.1307219 -0.14716351 -0.13688539 0.099425498 -0.61134322
0.19054928 0.42327643 -0.42601193 0.21551788 -0.69580441 0.11484089 -0.2713751 0.244263 0.38426333 0.34691083 0.064489227 -0.48327042 0.082510735 0.082478337 -0.22813071 0.48650231 0.19817457 -0.91081443 0.1141952 -0.37218005 0.15366899 -0.1636275 0.028770565 -0.37443145 -0.23038417 -0.043854281 0.16267542 0.13217298 -0.14664785 -0.13834383 0.10433202 -0.64309459
0.20596091 0.44782336 -0.44223363 0.22715894 -0.7430009 0.090544462 -0.25041497 0.2353287 0.39922888 0.37004283 0.06378109 -0.48962235 0.044198969 0.11539641 -0.20726765 0.49324362 0.21054963 -0.94971621 0.1166019 -0.385961 0.15711449 -0.18443178 0.027532249 -0.36747005 -0.24518677 -0.021034789 0.16282289 0.13029916 -0.15700377 -0.12053438 0.11062316 -0.66310312
0.1887314 0.42440905 -0.42062291 0.21346332 -0.69536362 0.099285766 -0.25458407 0.22787842 0.37411763 0.34614115 0.060752748 -0.46521972 0.067179979 0.093971523 -0.21453622 0.47132162 0.19728397 -0.90508212 0.1111599 -0.37067 0.15771981 -0.16823993 0.028670638 -0.3608518 -0.2282327 -0.033761496 0.15362336 0.12285519 -0.14603991 -0.12522281 0.098252186 -0.63605298
0.21989984 0.49711354 -0.46376647 0.23459222 -0.80071236 0.083361615 -0.22475409 0.21540877 0.41289495 0.40008503 0.050763336 -0.46137604 0.037140715 0.12947251 -0.22907158 0.47475121 0.25345475 -1.040559 0.11486441 -0.39498421 0.15535662 -0.17903412 0.03945369 -0.36629902 -0.26691354 0.018606001 0.14120482 0.13551642 -0.18414882 -0.095521696 0.095131955 -0.68777188
0.20552588 0.41566722 -0.40850494 0.22702885 -0.70780916 0.041368595 -0.20117024 0.21017502 0.3703787 0.33568073 0.064616326 -0.44202658 -0.018721705 0.14596535 -0.14333975 0.45649803 0.19804368 -0.86860202 0.10519739 -0.3577813 0.13816775 -0.19114893 0.016616977 -0.32946005 -0.21472914 -0.00054533707 0.13668094 0.11838705 -0.13332424 -0.096581686 0.11812144 -0.6049266
0.16837958 0.52795129 -0.47621051 0.43035646 -0.81076231 -0.30193217 -0.25260384 0.11341161 0.1406524 0.12773937 0.17169657 -0.12357528 -0.10504405 0.32827847 0.022146431 0.4777234 0.22800455 -0.91620736 0.15813931 -0.48382577 0.33303618 -0.26870967 -0.052057058 -0.56984839 0.10726502 -0.085340893 -0.12427272 0.018056946 0.13508195 -0.1569386 0.073299992 -0.79476352
0.181375 0.44277102 -0.44073415 0.2420028 -0.71504472 0.063854946 -0.28420321 0.22604955 0.34838557 0.32999659 0.081460233 -0.44241549 0.078177171 0.11042945 -0.20723591 0.49086237 0.19985658 -0.91772561 0.13215252 -0.38877832 0.18463609 -0.17640312 0.016924974 -0.40767623 -0.19574727 -0.0572508 0.14005728 0.11699143 -0.1115871 -0.14670153 0.095250691 -0.68237726
0.12554402 0.48246636 -0.44369609 0.38451883 -0.70803674 -0.22871284 -0.30053046 0.11852762 0.1074682 0.10913494 0.16149188 -0.1170574 0.0076931701 0.24298704 -0.05002276 0.44949722 0.19935376 -0.84758709 0.15991732 -0.4512212 0.33265048 -0.21772477 -0.041749942 -0.56748895 0.10430576 -0.12984798 -0.10112499 0.01770793 0.13281769 -0.18577194 0.041725336 -0.76213121
0.22293066 0.46479439 -0.46472508 0.23030528 -0.78069986 0.11636027 -0.26262451 0.26077268 0.44051923 0.40444141 0.064316741 -0.5407541 0.050090166 0.11147153 -0.22816742 0.52415541 0.22373876 -0.99700848 0.12349075 -0.39421132 0.14414782 -0.1874555 0.03104345 -0.37616367 -0.27991395 -0.015575702 0.19285844 0.15090673 -0.18160394 -0.12642589 0.12599069 -0.68771127
0.21100671 0.51927741 -0.49762771 0.31366085 -0.83263921 -0.0174131 -0.28360522 0.22293715 0.35375848 0.32691684 0.10557831 -0.41227523 0.019983482 0.18295281 -0.17126929 0.53329203 0.24447511 -1.0363072 0.14481051 -0.44734108 0.22134371 -0.21564166 0.0063287817 -0.47660401 -0.1554392 -0.045303493 0.086039405 0.11417141 -0.07934407 -0.14984704 0.10597465 -0.77068483
0.21555341 0.56018316 -0.50924447 0.37551141 -0.88503749 -0.15721574 -0.23946612 0.16643839 0.28837733 0.27379984 0.12709213 -0.28990786 -0.072682294 0.27646213 -0.07956527 0.51010699 0.26612327 -1.0530844 0.14845241 -0.47583124 0.26410929 -0.25272942 -0.013935536 -0.50692581 -0.067076721 -0.02489179 -0.010673697 0.077935703 -0.010167621 -0.1276127 0.095756995 -0.8007235
0.22616403 0.56373928 -0.51635576 0.39134788 -0.90247085 -0.17671207 -0.2367073 0.17272298 0.29376825 0.26961337 0.13443736 -0.29757726 -0.098940291 0.29578503 -0.056858204 0.52639449 0.26607101 -1.0574198 0.14934431 -0.48681001 0.26764394 -0.26858897 -0.019788958 -0.51556194 -0.057995297 -0.025865277 -0.015246516 0.079118851 0.001210783 -0.13016413 0.10826066 -0.80993689
0.223496 0.56142771 -0.50026597 0.43159982 -0.90193816 -0.28903708 -0.19304795 0.13068734 0.23169798 0.20099483 0.15361316 -0.19571015 -0.18635332 0.36556937 0.037922151 0.49746825 0.26509134 -1.0041249 0.14419561 -0.48861196 0.28567671 -0.29331512 -0.041461569 -0.52339608 0.030155397 -0.01459067 -0.093681974 0.048293516 0.068303013 -0.11346413 0.10950627 -0.79183978
0.21955852 0.57045274 -0.49374812 0.44731821 -0.90684356 -0.34546633 -0.16416065 0.097756349 0.19652182 0.1749822 0.15742784 -0.13039429 -0.22393452 0.39970056 0.075936273 0.46993756 0.27197289 -0.9939739 0.14102733 -0.48902007 0.29775717 -0.30118212 -0.047733844 -0.52129448 0.067211714 0.00014512238 -0.13777509 0.029148425 0.093960896 -0.096118599 0.098834998 -0.78566777
0.21518972 0.57159197 -0.49211313 0.45803233 -0.90430428 -0.37131082 -0.16212351 0.087984172 0.17655604 0.15675872 0.1639125 -0.10275939 -0.23347646 0.41212707 0.092173252 0.46464477 0.27119453 -0.98320405 0.14279287 -0.49150239 0.30727429 -0.30467798 -0.052989697 -0.53064563 0.091446563 -0.0037323121 -0.15695861 0.020805576 0.11391136 -0.097284835 0.095334553 -0.78805244
0.21413311 0.55417492 -0.48934816 0.43002427 -0.88204546 -0.30461788 -0.18574168 0.11575729 0.20810328 0.18511599 0.15396936 -0.16348646 -0.18658233 0.36733938 0.046543728 0.47835248 0.26122942 -0.97995097 0.14309533 -0.48038864 0.28923764 -0.28837383 -0.043348098 -0.51850051 0.046651307 -0.015265907 -0.1086358 0.039236264 0.081347313 -0.10955113 0.099771903 -0.77914451
0.19862293 0.52577139 -0.47185833 0.42209555 -0.83484362 -0.29830725 -0.20171093 0.11864078 0.1855198 0.16024092 0.15819062 -0.15581097 -0.16450145 0.34842729 0.046242373 0.47327716 0.24004983 -0.92608864 0.14338706 -0.46975646 0.29285695 -0.27959845 -0.047192079 -0.52083723 0.065599726 -0.039846591 -0.10738015 0.034203228 0.1005638 -0.12444992 0.095998032 -0.76063965
0.19080717 0.51417966 -0.47473391 0.38457507 -0.81085299 -0.19763729 -0.24750084 0.155982 0.2255429 0.19787687 0.14453732 -0.22971601 -0.076778132 0.2770104 -0.038312876 0.49099366 0.23542376 -0.9440819 0.14675658 -0.45826734 0.27418494 -0.24698027 -0.030769049 -0.52051164 0.0085186621 -0.059523619 -0.047986305 0.059590683 0.053289992 -0.14724854 0.09320912 -0.76270014
0.1872439 0.61826355 -0.49594888 0.53814421 -0.92446969 -0.55137285 -0.13982177 0.0027969201 0.038558121 0.041345707 0.19912728 0.12032361 -0.28945417 0.50091085 0.17851415 0.4115044 0.29709039 -0.97962779 0.1527857 -0.52052081 0.38292006 -0.32006155 -0.079433128 -0.60689174 0.25613464 -0.01015009 -0.31694223 -0.038329084 0.23679197 -0.09319015 0.052068756 -0.82873563
0.1731819 0.60709369 -0.4873059 0.53428254 -0.89811213 -0.5524243 -0.15126335 -0.0023364841 0.016805756 0.025206377 0.20231598 0.13817515 -0.26958879 0.49018867 0.17425944 0.40285222 0.28771079 -0.95236947 0.15605676 -0.51404982 0.38950852 -0.31147522 -0.081702414 -0.61265644 0.27150323 -0.024551492 -0.32138234 -0.044639267 0.25027346 -0.1014431 0.043298693 -0.82359118
0.20977042 0.61809576 -0.48622525 0.57398398 -0.95395318 -0.65293487 -0.071272599 -0.024998095 0.021653798 0.0086384743 0.21144754 0.17199828 -0.41609415 0.5853149 0.28691595 0.39767729 0.30167668 -0.94451088 0.14243417 -0.52030234 0.37515449 -0.35966879 -0.098646756 -0.58570419 0.30273047 0.027864125 -0.36636934 -0.053933973 0.27353923 -0.059288497 0.076428413 -0.80162982
0.21344703 0.60649806 -0.49039205 0.55632014 -0.94682657 -0.60376157 -0.093431594 0.0026512451 0.05408588 0.037225488 0.20683057 0.10671026 -0.38777018 0.55753 0.25893535 0.42299168 0.28915019 -0.94716975 0.14420976 -0.5212197 0.36682865 -0.35823324 -0.092964095 -0.57864094 0.26354075 0.014808195 -0.32042716 -0.040549125 0.248835 -0.071143826 0.086143177 -0.80455646
0.21252656 0.60548271 -0.48950089 0.54873175 -0.94052878 -0.58455977 -0.098476415 0.0068858094 0.059509861 0.043405466 0.2017819 0.10012749 -0.36964052 0.54210991 0.24007002 0.4206116 0.29140468 -0.95403962 0.14287682 -0.51793302 0.36276779 -0.34933874 -0.08809387 -0.57684736 0.25290454 0.01369253 -0.31428981 -0.035231371 0.239498 -0.07343616 0.082291621 -0.80222668
0.20568281 0.60062625 -0.48432536 0.54910079 -0.92524844 -0.58420262 -0.10502856 0.0057801845 0.047156289 0.028345416 0.20334901 0.11574986 -0.35733534 0.53376322 0.23481574 0.41498908 0.28987762 -0.94369752 0.14135864 -0.51555623 0.36614587 -0.34164466 -0.088069479 -0.58463314 0.2678043 0.0052922958 -0.32523568 -0.03768789 0.24945449 -0.079770149 0.076632989 -0.79752388
0.20678848 0.59236258 -0.48041178 0.5384823 -0.91500278 -0.55826422 -0.11035746 0.015399203 0.058951841 0.035254319 0.19719134 0.094715934 -0.34329645 0.51651773 0.21937301 0.41741689 0.28606165 -0.94219666 0.13761589 -0.51252742 0.36003495 -0.33627886 -0.083559701 -0.57819891 0.25327156 0.002018997 -0.31228126 -0.031083935 0.23728528 -0.083142118 0.078299366 -0.78990871
0.21350808 0.59088791 -0.48654825 0.53376424 -0.92749838 -0.54239409 -0.1150156 0.029727528 0.083481802 0.054153938 0.19727133 0.053374165 -0.3489545 0.51684711 0.21898728 0.43671 0.28086732 -0.94760654 0.13917713 -0.51595085 0.35353266 -0.34447894 -0.083564257 -0.57245443 0.23201223 0.0027960063 -0.28656526 -0.025268847 0.22176722 -0.083956068 0.091323561 -0.7947596
0.22856597 0.57574477 -0.48733235 0.48431974 -0.92886131 -0.44417099 -0.1160105 0.067098051 0.16335024 0.13232284 0.17402445 -0.061814103 -0.32038463 0.47242759 0.16610612 0.45466906 0.27714648 -0.96320102 0.13637351 -0.49188812 0.30288655 -0.33048547 -0.066519549 -0.52012464 0.1280317 0.02360967 -0.19487611 0.0080721425 0.13980264 -0.073591029 0.11086738 -0.77240178
0.22437052 0.55793163 -0.48529219 0.45946191 -0.90344872 -0.3793048 -0.14723675 0.095810377 0.18879555 0.15395951 0.16708283 -0.11795394 -0.26673348 0.42554843 0.11870529 0.47046431 0.2659492 -0.95735068 0.13902371 -0.48253488 0.28933064 -0.31284058 -0.058425357 -0.5168959 0.091273475 0.0050247722 -0.14997859 0.025683341 0.11415271 -0.091881848 0.11396121 -0.76810567
0.23375802 0.57624124 -0.50894703 0.43985639 -0.92949234 -0.30011864 -0.17979881 0.13031506 0.24460631 0.20880905 0.15437627 -0.19525024 -0.20908676 0.38204994 0.046500304 0.5008708 0.27879287 -1.0288468 0.14258075 -0.49189678 0.27856117 -0.29845948 -0.041320222 -0.52296661 0.027230063 0.0021558598 -0.099651729 0.051395352 0.061818847 -0.10411227 0.11588414 -0.79689938
0.21045195 0.51680181 -0.46362307 0.30766377 -0.81644492 -0.073886104 -0.20068911 0.16341882 0.31547448 0.30199813 0.087498089 -0.31137494 -0.044976399 0.21775961 -0.12429737 0.45354269 0.26090855 -1.0068029 0.12145299 -0.41862035 0.20593221 -0.2099821 0.0091059261 -0.42177468 -0.13125273 0.010065224 0.024549709 0.093495966 -0.074944904 -0.095842533 0.085632315 -0.70887624
0.16932335 0.44292173 -0.44848865 0.19777061 -0.68849521 0.19188935 -0.34318573 0.26590347 0.39088292 0.37295692 0.059635487 -0.51198742 0.20428026 0.013241552 -0.33142443 0.50429451 0.20529335 -0.97103829 0.13025602 -0.3842327 0.17389164 -0.12838427 0.044908674 -0.41714165 -0.2596108 -0.082286304 0.19289764 0.14426757 -0.16918321 -0.17499083 0.075966647 -0.69324411
0.2038662 0.42107108 -0.4289635 0.17346624 -0.70216957 0.19874746 -0.26699426 0.26783053 0.44819522 0.41693701 0.039386714 -0.56391352 0.11493369 0.041424483 -0.28512287 0.49007246 0.20613741 -0.94487056 0.11053367 -0.35209565 0.11236465 -0.14518009 0.047965792 -0.33012322 -0.32171313 -0.018909122 0.23026506 0.16136319 -0.22039632 -0.12460473 0.11079982 -0.62763957
0.21129161 0.42471571 -0.41857085 0.21967505 -0.71889729 0.079328622 -0.21428796 0.22931613 0.39805915 0.3563462 0.059733899 -0.4701752 0.0089313618 0.12303291 -0.18080828 0.46763496 0.21146955 -0.90294432 0.10552979 -0.35543023 0.12315364 -0.17644346 0.02511838 -0.33519147 -0.23996017 0.0022850869 0.15425916 0.13569669 -0.15713543 -0.10293244 0.12056201 -0.61188436
0.20871942 0.50572154 -0.4719183 0.30694062 -0.8089962 -0.044703401 -0.23899536 0.19574097 0.33262109 0.30625346 0.097804996 -0.36000742 -0.015812626 0.19732774 -0.14220447 0.48956553 0.24805341 -0.9978947 0.13067157 -0.42272998 0.20401889 -0.20839929 0.0060777825 -0.44307351 -0.13828809 -0.018065192 0.056142582 0.10502512 -0.073862124 -0.12321076 0.099595242 -0.72313811
0.22797948 0.5398938 -0.49417329 0.34491435 -0.86725908 -0.10260874 -0.22023112 0.18466458 0.33000768 0.30156642 0.10808619 -0.33382131 -0.068829503 0.24748733 -0.10352478 0.50093612 0.26924543 -1.0447166 0.13438028 -0.44821749 0.21941348 -0.23506746 -0.0018925889 -0.46446609 -0.11565907 -0.0021435806 0.022378048 0.10105955 -0.053842649 -0.11452767 0.10731481 -0.75633911
0.20830838 0.5201541 -0.47977882 0.26902003 -0.81086788 0.036272141 -0.25030149 0.20290439 0.36748905 0.36512825 0.070382839 -0.39936396 0.055133202 0.14305561 -0.22603752 0.47789469 0.26434275 -1.0583206 0.13043979 -0.41366053 0.18945374 -0.17829162 0.030286697 -0.42144114 -0.21285836 -0.0056254658 0.098216522 0.12475375 -0.13564061 -0.11700661 0.078769351 -0.72991897
0.13889563 0.3821186 -0.41299582 0.10204061 -0.57265981 0.36006747 -0.39144456 0.29591054 0.41712742 0.43045673 0.020412943 -0.59480934 0.36503589 -0.12617141 -0.46759473 0.4761005 0.17544118 -0.91891446 0.13295127 -0.32504357 0.13105707 -0.056679914 0.074563303 -0.36207782 -0.36784258 -0.10995686 0.29912636 0.17883823 -0.24561366 -0.19469365 0.048553813 -0.64074415
0.20549923 0.53355253 -0.49850665 0.35932928 -0.83809853 -0.10300551 -0.27572641 0.19621971 0.29431781 0.26275802 0.12656689 -0.31502444 -0.013736808 0.22434423 -0.12367371 0.51908552 0.25589059 -1.0264855 0.14724228 -0.46125944 0.2504079 -0.22474921 -0.0087829131 -0.51958529 -0.069908083 -0.054209587 0.0083229799 0.094517382 -0.011903636 -0.15650265 0.096285574 -0.78435878
0.19076724 0.51079726 -0.47969459 0.31425064 -0.7883596 -0.032107526 -0.28612998 0.20058905 0.30357064 0.2864269 0.10473189 -0.33935752 0.050352568 0.1660766 -0.18196866 0.49625663 0.24582267 -1.0096552 0.14134488 -0.4363375 0.23398466 -0.19265615 0.007642613 -0.48790231 -0.11479293 -0.058170022 0.043971989 0.10298844 -0.049314771 -0.15593075 0.078280831 -0.75471648
0.067035322 0.42130399 -0.4419239 0.16990439 -0.54525546 0.28299932 -0.51725393 0.26991023 0.27220294 0.30732042 0.073665086 -0.44149374 0.48798632 -0.13964926 -0.50117664 0.49077661 0.16988207 -0.93183849 0.1702545 -0.3859387 0.25853922 -0.038231013 0.054674387 -0.53469524 -0.19716311 -0.2274394 0.18839063 0.12599269 -0.10920666 -0.28321712 -0.01584203 -0.7570914
0.04049973 0.46859021 -0.45362056 0.28547936 -0.58268753 0.034474004 -0.49772779 0.17927117 0.10853106 0.16084062 0.1340399 -0.20124463 0.38167361 -0.0014304525 -0.35063826 0.4612258 0.18105402 -0.90025275 0.1907923 -0.43583873 0.36037708 -0.088368738 0.007290169 -0.63740474 0.016012863 -0.25045098 0.0077482105 0.049426242 0.062139881 -0.28821441 -0.043752292 -0.8206515
0.1289785 0.50500807 -0.47049258 0.33087318 -0.71623591 -0.060093651 -0.36138921 0.17414813 0.19297082 0.19876554 0.12829289 -0.22809443 0.1528557 0.13016749 -0.21480827 0.47464799 0.22670994 -0.96390156 0.16020247 -0.44805079 0.30388322 -0.16127357 -0.001612468 -0.5709277 -0.010921084 -0.13657845 -0.019152382 0.066759392 0.033330931 -0.20878332 0.025353448 -0.7897498
0.077256987 0.42551767 -0.44366452 0.18264798 -0.57048452 0.24756971 -0.49231735 0.2646549 0.27918283 0.30360184 0.080543357 -0.44005609 0.43126108 -0.10132734 -0.45675834 0.49634672 0.17118945 -0.92539531 0.16683095 -0.38895185 0.25284801 -0.058413803 0.046685047 -0.52583396 -0.18573726 -0.20916257 0.179381 0.11915947 -0.10405988 -0.26806621 0.00062335722 -0.75159031
0.19004471 0.50406551 -0.49019856 0.26645975 -0.78419509 0.08581842 -0.32799711 0.2459617 0.3729503 0.35457205 0.086432949 -0.45615952 0.12823595 0.098142144 -0.26846286 0.52857359 0.23803972 -1.0446536 0.14324748 -0.43007388 0.21007405 -0.17027361 0.027793599 -0.47095892 -0.2038565 -0.067950132 0.13159867 0.1296328 -0.12277079 -0.16951742 0.08420699 -0.76143018
0.16878311 0.52048893 -0.49194379 0.33157447 -0.78676024 -0.05068931 -0.32931646 0.19941294 0.27078922 0.25907461 0.12424692 -0.3168388 0.08287199 0.16582707 -0.18766397 0.51319431 0.23759993 -1.0080269 0.15680558 -0.45494149 0.26948374 -0.19291731 -0.0010311526 -0.53750333 -0.072523636 -0.094808005 0.02878143 0.086968783 -0.015096624 -0.18343086 0.067356716 -0.79405476
0.20850997 0.57457493 -0.50458042 0.42891775 -0.89051615 -0.27607288 -0.21318115 0.12380907 0.21177352 0.19568861 0.1522834 -0.16079943 -0.13343126 0.3394105 -0.0046162293 0.48231859 0.27884858 -1.0265822 0.14995113 -0.48499845 0.29351834 -0.26685594 -0.034496033 -0.54445448 0.037894775 -0.024127879 -0.1074766 0.048905859 0.071742638 -0.12373257 0.084894646 -0.80514598
0.18870714 0.55358203 -0.48692852 0.4126859 -0.84196144 -0.25456131 -0.23005818 0.11969237 0.18720335 0.17750241 0.14788242 -0.14377744 -0.090074857 0.30673013 -0.028161987 0.46410238 0.26525903 -0.99137396 0.1486807 -0.47287811 0.29925794 -0.24696544 -0.031333073 -0.54477914 0.047719645 -0.044615038 -0.10941976 0.044369818 0.079277437 -0.13535492 0.068283197 -0.78879606
0.22486896 0.55577697 -0.5048742 0.37682078 -0.88716679 -0.16288424 -0.22228348 0.16871342 0.29748622 0.27364321 0.12565326 -0.29154551 -0.0960171 0.28484911 -0.065637092 0.50766487 0.26957 -1.0470217 0.14231411 -0.46951963 0.25003374 -0.25531174 -0.014353905 -0.49472154 -0.069151737 -0.012475968 -0.013161394 0.082689022 -0.012619166 -0.11947389 0.10454875 -0.78461735
0.21708088 0.53042647 -0.48380763 0.36430023 -0.8496835 -0.15983832 -0.2137543 0.16414247 0.28484379 0.25878436 0.12255016 -0.28121737 -0.096572004 0.27562339 -0.057366875 0.49039957 0.25628094 -0.99928838 0.13626135 -0.4516808 0.24046327 -0.24776518 -0.015440762 -0.47630799 -0.062391671 -0.014628465 -0.013560115 0.079433907 -0.0074529865 -0.11671188 0.10325061 -0.7519034
0.21415849 0.5047558 -0.48764619 0.29393834 -0.81423689 0.010700644 -0.27532358 0.22803178 0.36803309 0.34475427 0.094411382 -0.43349485 0.029655577 0.16454346 -0.18514451 0.5246923 0.24033337 -1.0237476 0.1404957 -0.43183431 0.20287867 -0.20701349 0.012560526 -0.44988766 -0.18565874 -0.037854097 0.10894014 0.1239478 -0.10014328 -0.14331494 0.10691471 -0.74834269
0.19800557 0.5383297 -0.51023519 0.34549513 -0.8366993 -0.063514754 -0.30846382 0.20827008 0.30564334 0.28985477 0.12285407 -0.35257224 0.036835289 0.19561012 -0.16512027 0.53566501 0.24863492 -1.0491928 0.15656647 -0.47075324 0.26298043 -0.21939566 -0.0018884394 -0.52773475 -0.10038208 -0.07343815 0.041793428 0.098088709 -0.029541347 -0.1705999 0.087321777 -0.81046331
0.18656878 0.52447882 -0.49741472 0.33721957 -0.80831224 -0.057728662 -0.31250269 0.20373255 0.28987623 0.2749346 0.12160861 -0.33704185 0.052556716 0.18214303 -0.1707815 0.52209678 0.24133096 -1.0216364 0.15474697 -0.46010486 0.26231729 -0.20812621 -0.0017516588 -0.52536474 -0.089556821 -0.081196265 0.036757097 0.094300258 -0.023161076 -0.17423305 0.080024732 -0.79503654
0.21123365 0.54324521 -0.49727067 0.36561298 -0.85550348 -0.13849728 -0.24402182 0.17372365 0.28638824 0.2646061 0.12401136 -0.2905763 -0.055188428 0.25551896 -0.091826863 0.50393336 0.26040136 -1.030788 0.1427308 -0.46464288 0.25512491 -0.23979412 -0.010832669 -0.50195826 -0.065702929 -0.032541459 -0.0087151133 0.08240265 -0.0093907095 -0.13379492 0.093904297 -0.78007696
0.17713113 0.51613391 -0.47991137 0.35110054 -0.78622776 -0.11297601 -0.289705 0.17349373 0.24239701 0.23142898 0.12723901 -0.26682842 0.021754574 0.20732177 -0.12870371 0.49236457 0.23615397 -0.98115394 0.14886271 -0.45690574 0.27727794 -0.21368506 -0.010193711 -0.52447463 -0.038917008 -0.080480703 -0.011183166 0.072881923 0.016248002 -0.16538932 0.068823513 -0.7761011
0.21104609 0.52290775 -0.48392196 0.35441602 -0.83552115 -0.13327379 -0.23434868 0.17499123 0.28906037 0.26550315 0.12133926 -0.30247345 -0.065436445 0.25347035 -0.080068877 0.4983627 0.24826188 -0.99484705 0.14025653 -0.4505571 0.24190523 -0.24041484 -0.012852214 -0.48054548 -0.074312303 -0.029603803 0.0054911988 0.083991605 -0.01367298 -0.12876798 0.10107158 -0.75624175
0.20564282 0.5293069 -0.48332066 0.37565091 -0.83723144 -0.17945673 -0.22953533 0.15770066 0.25621593 0.23350525 0.13168424 -0.25402394 -0.085282485 0.27739682 -0.051463434 0.49071125 0.24915018 -0.98605108 0.14082277 -0.46047752 0.26236159 -0.24919227 -0.020840775 -0.49906146 -0.030539485 -0.035355813 -0.032983381 0.068218347 0.020778909 -0.1299236 0.094434226 -0.76381956
0.19944809 0.60411719 -0.52955474 0.47306391 -0.91801395 -0.32939969 -0.24892045 0.11667758 0.17150555 0.15782719 0.17634131 -0.11759447 -0.12710534 0.36458098 0.010338957 0.50700446 0.281402 -1.0581167 0.16352607 -0.52805115 0.3494238 -0.28552663 -0.046112817 -0.61322806 0.1008871 -0.059971505 -0.15311428 0.028877439 0.12643628 -0.1513559 0.074053509 -0.86742908
0.19598849 0.60140157 -0.5203644 0.48825316 -0.91256032 -0.37747948 -0.22971741 0.096018294 0.14103619 0.12688184 0.1835459 -0.069936417 -0.1619188 0.3925862 0.050191482 0.49103879 0.27914434 -1.0316421 0.16033892 -0.52819598 0.35919243 -0.29508576 -0.054734932 -0.6145373 0.13976148 -0.056253325 -0.18820671 0.013293134 0.15618763 -0.14349596 0.071506336 -0.85727452
0.19685366 0.55743602 -0.48932836 0.43394356 -0.85852281 -0.29764009 -0.2158362 0.1114248 0.17652777 0.16103909 0.15606117 -0.12859048 -0.13443995 0.34114782 0.01470552 0.47026188 0.26223485 -0.98608667 0.14696932 -0.48749608 0.31308803 -0.27076995 -0.040373101 -0.55056117 0.072950831 -0.042859004 -0.13130245 0.034225446 0.10255481 -0.13096224 0.076657608 -0.79519525
0.20233486 0.57989062 -0.51307265 0.43180333 -0.89388177 -0.26677098 -0.23775038 0.13038798 0.21015699 0.1937528 0.15560363 -0.17479578 -0.1130388 0.33170452 -0.016505501 0.49938639 0.27095993 -1.0405312 0.15218236 -0.50415305 0.31628188 -0.27245122 -0.033741973 -0.56433646 0.043610717 -0.044760152 -0.10530556 0.04208471 0.076593177 -0.13774757 0.080633831 -0.82826813
0.18398133 0.55726901 -0.49886207 0.41183233 -0.84378058 -0.22739346 -0.26552017 0.13822353 0.19670695 0.18354754 0.1509785 -0.17718971 -0.055098453 0.28698493 -0.054387532 0.49119451 0.25663253 -1.0110649 0.15217461 -0.4922408 0.31802328 -0.24868307 -0.028213922 -0.56787256 0.042634822 -0.071046135 -0.094113451 0.044457444 0.077460878 -0.15640445 0.066810514 -0.81513025
0.14086174 0.46199019 -0.46017021 0.26139099 -0.68499593 0.073595015 -0.3772339 0.22614978 0.28231012 0.28715026 0.098692697 -0.38884998 0.20264352 0.060501044 -0.27807509 0.50281021 0.19644066 -0.94679065 0.15577743 -0.42182725 0.25434638 -0.15007304 0.017634651 -0.50247294 -0.13874585 -0.13541588 0.10720099 0.10321367 -0.058217791 -0.2083005 0.049170937 -0.75528544
0.17304662 0.54515234 -0.49723473 0.39303631 -0.81898995 -0.18029965 -0.29695056 0.1557659 0.2053584 0.19331674 0.14751204 -0.20971928 -0.0035587898 0.24834194 -0.094514243 0.50117553 0.24534048 -1.0050322 0.15530534 -0.48851572 0.31769696 -0.23321226 -0.022093384 -0.57264592 0.024036012 -0.092729935 -0.065813516 0.051070696 0.064171229 -0.17398164 0.062041532 -0.81708208
0.17346402 0.54237977 -0.49184456 0.39426954 -0.81252459 -0.1866402 -0.28952985 0.15047093 0.19830575 0.18475148 0.14534317 -0.19668014 -0.0095410053 0.25004586 -0.088750598 0.49304648 0.24527755 -0.99989477 0.15046958 -0.48835533 0.31976374 -0.23351608 -0.021611566 -0.56947109 0.031839584 -0.091173099 -0.077490695 0.048325012 0.069584355 -0.17110204 0.059149155 -0.80931252
0.123439 0.47485511 -0.46947786 0.26192825 -0.67249984 0.097958426 -0.41913042 0.22941976 0.26376369 0.27593078 0.098957562 -0.37365816 0.26955442 0.025962903 -0.32762861 0.50687331 0.1987375 -0.97870464 0.15851129 -0.44008834 0.28543474 -0.13296551 0.025846882 -0.5404935 -0.12376758 -0.16740628 0.093327437 0.097551393 -0.048279704 -0.23322742 0.023572025 -0.78541514
0.17062359 0.53983638 -0.50301288 0.34623473 -0.80267801 -0.076585714 -0.32933026 0.18167576 0.25000961 0.25997091 0.12313407 -0.29159814 0.083855897 0.17876568 -0.18343786 0.50986792 0.24113956 -1.0390103 0.16096875 -0.4785012 0.30220821 -0.20705998 -0.00061377084 -0.54978207 -0.065489213 -0.10074339 0.009402882 0.076500808 0.00040092977 -0.18270803 0.051235592 -0.82424668
0.16739451 0.54243393 -0.49756995 0.38927704 -0.80619622 -0.16859635 -0.31228706 0.15654114 0.19710428 0.19425876 0.14531086 -0.21251197 0.022831344 0.23302907 -0.11055327 0.50243481 0.23850479 -1.0061856 0.15811748 -0.4944592 0.33105971 -0.23082823 -0.019625419 -0.57899355 0.020644516 -0.10823853 -0.061113906 0.049796833 0.067477309 -0.183536 0.052739999 -0.82635872
0.18913266 0.57540273 -0.51129587 0.4573425 -0.87418267 -0.31349288 -0.25647126 0.11815883 0.15949587 0.14806917 0.17226382 -0.12666335 -0.11034183 0.34485572 0.009206226 0.50132514 0.25666958 -1.0126019 0.15880273 -0.52204809 0.35511431 -0.28372979 -0.045555922 -0.59969135 0.10078399 -0.078802679 -0.14221366 0.022919495 0.1322837 -0.15812543 0.06970774 -0.8464879
0.18290059 0.53407756 -0.4925738 0.39823438 -0.81767833 -0.18786662 -0.28797431 0.16312471 0.21279565 0.18705033 0.14897755 -0.22386925 -0.030260239 0.25872955 -0.0714491 0.51008459 0.23762627 -0.98931398 0.14942751 -0.49168343 0.31438532 -0.24619758 -0.025832464 -0.56617722 0.027830132 -0.092937213 -0.065781187 0.052884682 0.070295922 -0.17351636 0.075599907 -0.80637178
0.20395674 0.55755612 -0.49863706 0.40778434 -0.86839196 -0.23321072 -0.23124067 0.13732696 0.22601297 0.20930627 0.14266945 -0.20834075 -0.10630563 0.31163753 -0.025434454 0.49460433 0.25617911 -1.0176639 0.14352646 -0.49356509 0.30414092 -0.27015717 -0.027427725 -0.53296984 0.013458167 -0.043267885 -0.078711995 0.046760136 0.05514592 -0.13209986 0.083442758 -0.80190773
0.19268691 0.54467241 -0.48805861 0.3973367 -0.83977606 -0.21959592 -0.24011719 0.13604999 0.21371458 0.19983787 0.14030871 -0.19986906 -0.081814039 0.2923394 -0.039292658 0.48414611 0.24871344 -0.995898 0.14253667 -0.48446212 0.30439309 -0.25748001 -0.025440329 -0.53152529 0.017808781 -0.05373671 -0.07812543 0.04496085 0.058064899 -0.1381304 0.074830313 -0.79010686
0.19469854 0.54067621 -0.48299719 0.39729241 -0.83703543 -0.22523845 -0.23037006 0.13290896 0.21246394 0.19570706 0.13909558 -0.19403662 -0.093551418 0.29707102 -0.030201633 0.47805224 0.24898466 -0.98705863 0.1396616 -0.47984219 0.29917096 -0.25820931 -0.026446606 -0.52464067 0.020591931 -0.047824589 -0.082691297 0.04501546 0.058999668 -0.13323071 0.077166222 -0.78012282
0.12781777 0.52891559 -0.48208038 0.39224433 -0.75348723 -0.19863152 -0.3403236 0.12743287 0.12240138 0.14452519 0.15747966 -0.13788645 0.067007939 0.22213909 -0.11124012 0.47490949 0.21972435 -0.95031747 0.17138865 -0.48886074 0.36637312 -0.21574097 -0.028873269 -0.60697791 0.077657885 -0.14518472 -0.092744211 0.023230513 0.11588434 -0.20259976 0.021501058 -0.83207036
0.15942041 0.47876154 -0.45892477 0.29182732 -0.72314266 -0.0045046285 -0.32104816 0.19802181 0.27030627 0.26379012 0.1030325 -0.3379887 0.10695662 0.12684817 -0.20400213 0.48820258 0.21009001 -0.95396501 0.14113309 -0.43462827 0.26018245 -0.18119058 0.0089990495 -0.49130356 -0.10041925 -0.10071031 0.052572623 0.08538582 -0.034818603 -0.17695616 0.058276736 -0.74466131
0.15171793 0.46926533 -0.45365841 0.27029056 -0.70233789 0.033250065 -0.33308773 0.20317158 0.27672986 0.28017128 0.094255959 -0.35668005 0.14490525 0.096629688 -0.23697758 0.48214131 0.20516788 -0.94832668 0.14364882 -0.42245328 0.25196158 -0.16507307 0.015859404 -0.48031559 -0.1269023 -0.10562223 0.077753744 0.092499054 -0.05446885 -0.18053617 0.050849827 -0.7378448
0.15834804 0.52936772 -0.46824184 0.41750642 -0.79170248 -0.28828497 -0.25092469 0.098251934 0.12500631 0.12714735 0.15972978 -0.098463193 -0.076205963 0.30841962 -0.0027019019 0.45243569 0.23082241 -0.92342236 0.15290366 -0.4805024 0.34148615 -0.25419849 -0.043036718 -0.56241637 0.10358674 -0.08514037 -0.1353158 0.012443823 0.12922447 -0.15224824 0.050735823 -0.78845654
0.21468858 0.50625368 -0.4802297 0.25823314 -0.81023401 0.062182254 -0.25942532 0.22163375 0.39416995 0.38349715 0.066927996 -0.46162088 0.049727162 0.13768458 -0.22206807 0.50443807 0.24232771 -1.0505302 0.12612714 -0.42631807 0.19448865 -0.19673348 0.031328088 -0.40870685 -0.238127 -0.016907096 0.1319487 0.12497957 -0.15076565 -0.12128203 0.093210765 -0.73093112
0.18874967 0.56266966 -0.50215601 0.41768044 -0.85938259 -0.2403653 -0.25765667 0.13414412 0.19955512 0.18502656 0.1516119 -0.18040174 -0.076460965 0.3030689 -0.03804536 0.49531163 0.25598799 -1.017667 0.15099815 -0.50087881 0.32414367 -0.26150559 -0.030627692 -0.56618961 0.044570491 -0.065785444 -0.097875812 0.039672528 0.077926854 -0.15060281 0.071353846 -0.82108057
0.18660098 0.56012708 -0.49781264 0.42585734 -0.85296287 -0.26420289 -0.25200192 0.12250058 0.17935822 0.16998648 0.15427509 -0.15651392 -0.087474877 0.31427835 -0.020174067 0.48747876 0.2516834 -1.0041922 0.15143426 -0.50441981 0.33579419 -0.26835199 -0.035014398 -0.56867756 0.062547645 -0.069722595 -0.11426441 0.031645302 0.096242175 -0.14985049 0.067008241 -0.82102016
0.1788067 0.543261 -0.4906622 0.40883007 -0.82763989 -0.23390358 -0.2667264 0.13375025 0.18517387 0.17672208 0.15215682 -0.17929401 -0.059336854 0.28949434 -0.04012186 0.48978317 0.24058686 -0.98148438 0.15384778 -0.4918521 0.32587705 -0.25637499 -0.032707028 -0.5616439 0.047203129 -0.08035439 -0.089176592 0.037498438 0.086233744 -0.15810985 0.067461191 -0.80990454
0.17150958 0.55317992 -0.49867581 0.40199257 -0.82531798 -0.20100796 -0.29259959 0.14178888 0.18879499 0.18396745 0.14765534 -0.18672478 -0.011500036 0.26020849 -0.083839101 0.49429026 0.24628379 -1.012678 0.15519392 -0.49938154 0.33542135 -0.24120198 -0.023773383 -0.57897008 0.038527296 -0.093910021 -0.085019219 0.04138436 0.076256979 -0.17128945 0.05406914 -0.82739693
0.1804417 0.53118423 -0.49436926 0.34294541 -0.80949067 -0.079261788 -0.3049398 0.18517555 0.2694889 0.25889509 0.12021485 -0.30744543 0.041790197 0.19434773 -0.15749668 0.51029537 0.23921098 -1.0253003 0.14830744 -0.47299175 0.28487118 -0.21621927 -0.0017973528 -0.528498 -0.067303474 -0.082119525 0.0093369048 0.076286872 -0.010605445 -0.1679709 0.068188651 -0.79882816
0.19666557 0.53559501 -0.48013929 0.39710778 -0.83616299 -0.22884835 -0.22560366 0.13330809 0.21439271 0.19487315 0.13955179 -0.19922818 -0.10483009 0.30237895 -0.019854205 0.47922575 0.24493637 -0.97684957 0.13881051 -0.4783577 0.29654639 -0.26294157 -0.028605694 -0.51914543 0.02037167 -0.046030025 -0.079942296 0.044597952 0.059390127 -0.13099131 0.082310571 -0.77483231
0.18666889 0.54849445 -0.49420554 0.39902027 -0.84043519 -0.20930348 -0.26090164 0.14262765 0.21191985 0.1976363 0.1441764 -0.20489389 -0.05876573 0.28184234 -0.055451577 0.49329258 0.24859603 -1.0039577 0.14853208 -0.48922424 0.31139067 -0.25230301 -0.025677691 -0.54968979 0.021762788 -0.066781843 -0.074787053 0.046449751 0.060388843 -0.15084135 0.072338335 -0.80537225
0.19665441 0.551065 -0.5090804 0.36816741 -0.85264256 -0.11873884 -0.28861581 0.1823678 0.27641036 0.25834477 0.12881104 -0.30177655 -0.0062704459 0.23371602 -0.12275073 0.52383178 0.25123902 -1.0508828 0.14982745 -0.48843815 0.28879795 -0.23836492 -0.0089336321 -0.53813647 -0.054938021 -0.067857771 -0.0069827924 0.074836925 -0.00036546717 -0.15993212 0.08155053 -0.81660704
0.19772756 0.55378545 -0.48956221 0.42522433 -0.86156173 -0.28767615 -0.21535424 0.11365096 0.18814512 0.17561485 0.15255352 -0.15577069 -0.13955142 0.3422243 0.017893941 0.47786829 0.25180897 -0.98401482 0.14565925 -0.49241837 0.31652051 -0.28055875 -0.039269081 -0.5379727 0.05603175 -0.042848518 -0.11304314 0.030405112 0.090288513 -0.12668003 0.080464477 -0.79613291
0.1650753 0.54493507 -0.49988101 0.40401996 -0.81399926 -0.20159661 -0.31103727 0.14812998 0.1803313 0.17966179 0.15595308 -0.19290421 0.003462633 0.25511842 -0.084757455 0.50412504 0.2366872 -0.99281004 0.16592909 -0.49703657 0.33866293 -0.2404141 -0.029477557 -0.59041516 0.043166276 -0.11066758 -0.073043035 0.04300063 0.087723276 -0.18496457 0.056453653 -0.83552779
0.13690406 0.53108863 -0.49272934 0.37265649 -0.76374647 -0.13140293 -0.36058233 0.16088674 0.17267546 0.18267683 0.14763318 -0.20673118 0.10291448 0.18633366 -0.16088999 0.49883727 0.22576119 -0.98648517 0.16974054 -0.48708502 0.34497431 -0.20244978 -0.01663791 -0.60329847 0.028123898 -0.14482503 -0.049243771 0.04684987 0.072893352 -0.21118617 0.031490574 -0.83680889
0.13214709 0.4539962 -0.44864127 0.25332621 -0.66256101 0.082819478 -0.37694107 0.22161725 0.2718408 0.27246074 0.094030415 -0.37190327 0.21569049 0.046514341 -0.28759135 0.48827485 0.1941326 -0.93469214 0.14705833 -0.41653427 0.25554623 -0.13869843 0.021809122 -0.49968246 -0.12734335 -0.13882945 0.093886873 0.097881792 -0.056186806 -0.2084699 0.039689971 -0.73889034
0.19838742 0.56546494 -0.50166107 0.42182419 -0.87354194 -0.26119556 -0.23373327 0.12536372 0.20325717 0.19224553 0.15042478 -0.17588531 -0.11029303 0.32506813 -0.0138011 0.48938331 0.25996764 -1.0163387 0.15029856 -0.49749111 0.31627553 -0.27213043 -0.033581676 -0.55008018 0.038627774 -0.04737596 -0.099331684 0.039663016 0.075507187 -0.13530076 0.077909024 -0.81456613
0.18355696 0.47981883 -0.46451076 0.2669712 -0.7489255 0.049038698 -0.3021623 0.220722 0.33622499 0.32258508 0.084555403 -0.41521211 0.096260653 0.11496528 -0.22530635 0.50063303 0.21896606 -0.98669304 0.13401317 -0.42398695 0.22122762 -0.18142538 0.021059074 -0.45009973 -0.17428702 -0.068916924 0.10499921 0.11085604 -0.09554799 -0.15824332 0.078248049 -0.73024839
0.16905154 0.54127443 -0.48250222 0.40050602 -0.81050257 -0.22435503 -0.26735244 0.12612377 0.17372431 0.16730094 0.14690402 -0.1579791 -0.040258805 0.27482125 -0.056113309 0.47237735 0.24316739 -0.97835686 0.14873668 -0.48521827 0.32664438 -0.24176116 -0.027755858 -0.56048364 0.054396573 -0.080848373 -0.101314 0.03348613 0.084981739 -0.15707281 0.054549919 -0.79937081
0.19895237 0.55988029 -0.48996694 0.42575427 -0.8683026 -0.28618084 -0.21013186 0.11227392 0.1920773 0.17301306 0.15011864 -0.15007434 -0.1439197 0.34329097 0.015353895 0.47459048 0.2584799 -0.9967703 0.13958741 -0.49463093 0.31553707 -0.27831645 -0.036325997 -0.53857473 0.060031299 -0.036308111 -0.12341939 0.028868451 0.086030497 -0.12247407 0.079060257 -0.79356349
0.1719486 0.56031989 -0.49419995 0.42958446 -0.84797567 -0.29184195 -0.25184892 0.10558647 0.15409728 0.15356842 0.16264159 -0.1271175 -0.094963908 0.32938318 -0.0017526437 0.47824269 0.24521711 -0.98142211 0.15677103 -0.50236132 0.34701425 -0.27071854 -0.042057164 -0.57365214 0.087337813 -0.072808621 -0.12700963 0.014588654 0.11253795 -0.14709285 0.060581599 -0.82307836
0.18693982 0.53901734 -0.47967935 0.3919413 -0.83090436 -0.22482608 -0.2318953 0.12602549 0.20479113 0.19445453 0.13844613 -0.18729065 -0.087124954 0.29505493 -0.032319614 0.47086547 0.24575394 -0.9785973 0.14172648 -0.47596452 0.3016367 -0.25492742 -0.026820754 -0.52212548 0.021977005 -0.048476156 -0.081639707 0.039849135 0.057758763 -0.13143585 0.072058312 -0.77883419
0.1805261 0.5204932 -0.4838011 0.33414384 -0.80262334 -0.087160765 -0.28504277 0.17523796 0.26861526 0.2639685 0.11681221 -0.3061741 0.020676727 0.20431436 -0.1391918 0.49681118 0.23368341 -0.99870622 0.14797327 -0.45840581 0.27229564 -0.21907933 -0.0045795194 -0.50356377 -0.076311046 -0.067898086 0.017791257 0.074282043 -0.017441714 -0.1535307 0.072376581 -0.77925532
0.21385843 0.47561751 -0.44764788 0.22827664 -0.77335413 0.073612969 -0.21691814 0.20805299 0.39818805 0.38682049 0.050408435 -0.45666874 0.024656767 0.13284482 -0.20712185 0.46621056 0.23400215 -0.99658715 0.1103204 -0.38997278 0.1598331 -0.1860623 0.035513984 -0.35056983 -0.25752685 0.012177543 0.14077865 0.12499307 -0.17305987 -0.092463617 0.095370517 -0.66733592
0.22668292 0.55645963 -0.4768332 0.42829378 -0.89621159 -0.33483324 -0.13110768 0.088870942 0.20896719 0.18837103 0.14154625 -0.1395565 -0.24797193 0.40049637 0.086290245 0.44862184 0.26839128 -0.97680803 0.12845076 -0.47390249 0.27914431 -0.30251048 -0.042597439 -0.47850398 0.042317396 0.024159913 -0.12876437 0.030636362 0.070941018 -0.072752028 0.10178464 -0.75081722
0.20555384 0.5658734 -0.47739411 0.45339886 -0.88265132 -0.38347844 -0.14939338 0.064685261 0.1481084 0.13979242 0.15675401 -0.061921694 -0.23103055 0.41053649 0.096322153 0.43431857 0.26893448 -0.96589367 0.13789286 -0.48572157 0.31670169 -0.29910629 -0.051737108 -0.52137387 0.10630155 -0.001371395 -0.18008634 0.0097816161 0.12321801 -0.089103437 0.078638821 -0.77396565
0.16141002 0.42292794 -0.41896972 0.21336655 -0.65944111 0.10460601 -0.29458647 0.21818328 0.32843312 0.32248505 0.065979073 -0.42336251 0.13653871 0.062510821 -0.25110081 0.45865331 0.19202784 -0.89427146 0.12524626 -0.37068998 0.18461943 -0.14565981 0.02855205 -0.39491567 -0.20247061 -0.069563864 0.14012983 0.1157916 -0.11974391 -0.15132873 0.069169521 -0.65663825
0.14024409 0.45346268 -0.44093115 0.24341861 -0.67369511 0.072775803 -0.33891685 0.20750858 0.28380486 0.28983091 0.085579581 -0.37019672 0.17719093 0.065813114 -0.26655458 0.46898045 0.20026732 -0.92743171 0.14221786 -0.39959112 0.23267184 -0.14238879 0.022387332 -0.46260562 -0.14789696 -0.10436563 0.10039239 0.09835719 -0.077106649 -0.17975281 0.045879891 -0.71484029
0.18351698 0.55189697 -0.48654221 0.42237578 -0.84862052 -0.28697683 -0.22786285 0.10838916 0.17165222 0.16479581 0.15669916 -0.13704509 -0.11784226 0.33341765 0.0072117593 0.46950751 0.25128756 -0.97051703 0.15261218 -0.48350455 0.31762392 -0.26750753 -0.041383627 -0.54838853 0.068477545 -0.050374699 -0.11637548 0.027203883 0.096652345 -0.13323344 0.072558846 -0.79765249
0.17035909 0.52976765 -0.47815357 0.37929713 -0.79952597 -0.17794352 -0.27357376 0.14601871 0.20308866 0.18679042 0.13987915 -0.19649687 -0.018442295 0.24728468 -0.085244642 0.47650432 0.24413503 -0.97429902 0.14658454 -0.46662768 0.29769873 -0.22407336 -0.02105507 -0.54610031 0.023136227 -0.075584586 -0.069667419 0.05042198 0.05519083 -0.1587844 0.062896808 -0.78121617
0.2158067 0.55521166 -0.48977823 0.39950539 -0.88116302 -0.23648062 -0.1925433 0.13186096 0.24675238 0.22184281 0.13549961 -0.20859092 -0.14681168 0.32745624 -0.0079928524 0.47654648 0.27003259 -1.0098907 0.13747715 -0.46810763 0.26556619 -0.26572181 -0.027308602 -0.49973695 -0.0043300826 -0.0037480395 -0.073994815 0.056993971 0.031134138 -0.10582835 0.097442986 -0.76974549
0.19027618 0.46819614 -0.44469098 0.25004467 -0.74668305 0.042073085 -0.25108385 0.20738454 0.35134038 0.33054865 0.074887119 -0.4060098 0.046871928 0.13238429 -0.19872748 0.46998061 0.22687442 -0.95724419 0.1215787 -0.38981256 0.1782186 -0.17504776 0.021939032 -0.40034995 -0.18911631 -0.023509887 0.10694045 0.1132808 -0.12050506 -0.12255594 0.089413504 -0.6780956
0.18678415 0.54198904 -0.48600051 0.38372185 -0.83648558 -0.19381451 -0.24649082 0.14317664 0.22688119 0.207986 0.13796775 -0.21445611 -0.065666082 0.27749763 -0.058828681 0.48288814 0.25154093 -0.9938113 0.14347514 -0.47106712 0.2878188 -0.2428076 -0.022415574 -0.52736815 0.0056326158 -0.048834822 -0.062848686 0.050872071 0.039054917 -0.13810512 0.077192261 -0.78200371
0.17693268 0.52912889 -0.47929551 0.36523632 -0.80562775 -0.15634963 -0.26602949 0.15001384 0.22484998 0.21507637 0.1306509 -0.22648599 -0.017816955 0.24110546 -0.095234871 0.47756301 0.24389785 -0.98402581 0.14574451 -0.46197929 0.28628235 -0.22497252 -0.015708849 -0.52453553 -0.011874905 -0.064033574 -0.043962087 0.057521088 0.029523073 -0.14932861 0.066239488 -0.77681744
0.12187013 0.47174689 -0.45599155 0.26100407 -0.66603567 0.080415567 -0.39241642 0.21396872 0.25340339 0.2591208 0.096039335 -0.33760458 0.2451893 0.037133429 -0.3110599 0.48089004 0.20716743 -0.96237195 0.14949355 -0.424509 0.27145534 -0.12545267 0.025236043 -0.52661833 -0.10678585 -0.14717164 0.068793557 0.092979 -0.045994789 -0.21715067 0.021759666 -0.75798447
0.15693455 0.52855503 -0.4776982 0.36845971 -0.77628286 -0.14901132 -0.29949961 0.14852143 0.19230604 0.18670095 0.13534862 -0.1930031 0.035525242 0.21346958 -0.12559815 0.47235187 0.2411832 -0.98189741 0.14862704 -0.46839877 0.31013841 -0.20665548 -0.013452656 -0.55804596 0.019347074 -0.095789216 -0.066089647 0.050325368 0.054035162 -0.17330491 0.044166474 -0.78967894
0.09195787 0.46357209 -0.45511432 0.24998421 -0.62279879 0.11772369 -0.44941425 0.22214547 0.22567746 0.24294437 0.10006951 -0.32956728 0.3345147 -0.013854114 -0.36721725 0.48333093 0.19480163 -0.95236698 0.16039153 -0.42601631 0.29478441 -0.097843463 0.029422921 -0.56228185 -0.092939782 -0.19326499 0.074321407 0.0896965 -0.032589349 -0.25240425 -0.0028714843 -0.77705089
0.097241575 0.47299496 -0.46518578 0.26848424 -0.64798904 0.079316536 -0.44361791 0.21637173 0.22033324 0.24094307 0.11161495 -0.32514678 0.30045801 0.019608161 -0.33287238 0.49576085 0.19346983 -0.95267687 0.1685751 -0.43687174 0.30444966 -0.11886976 0.01924837 -0.57034986 -0.080226035 -0.19094879 0.069704261 0.082609653 -0.016922624 -0.24949179 0.0064455089 -0.79485944
0.14781334 0.53291767 -0.49983075 0.3462143 -0.7689706 -0.055475865 -0.37262607 0.19216086 0.22658853 0.22666198 0.13106476 -0.27312129 0.14235876 0.14357992 -0.21883885 0.5137328 0.23545931 -1.0280319 0.16257425 -0.4811588 0.31829251 -0.18371714 0.00087048125 -0.5886764 -0.030777559 -0.13745897 -0.0062761524 0.072306535 0.021499636 -0.21354985 0.036766077 -0.83185794
0.16361917 0.53917458 -0.48736128 0.39298236 -0.80102802 -0.19960678 -0.2894658 0.1386375 0.17886566 0.17877038 0.14890184 -0.17301676 -0.0028404912 0.25185716 -0.085684555 0.47969912 0.24393425 -0.97989089 0.15877682 -0.47665685 0.31868698 -0.22668265 -0.02567944 -0.56895874 0.039392673 -0.091656854 -0.079331231 0.044619767 0.078133276 -0.1701049 0.052322974 -0.80700945
0.13172795 0.5286755 -0.47936675 0.40437083 -0.7597209 -0.22271572 -0.32703743 0.12812226 0.12144052 0.12474952 0.16557694 -0.12127524 0.03474808 0.24148278 -0.085441362 0.47590323 0.22484681 -0.93974539 0.1649052 -0.48627238 0.35774462 -0.21914434 -0.033977936 -0.61084462 0.1034279 -0.13677555 -0.11350026 0.019993643 0.12894646 -0.19838568 0.031636006 -0.81932164
0.18205127 0.56698383 -0.50475775 0.43190674 -0.85722623 -0.2762532 -0.25933176 0.12078063 0.170755 0.17074491 0.16282266 -0.1425786 -0.078664482 0.31789187 -0.022888803 0.48844861 0.2578154 -1.0043626 0.16298298 -0.4981416 0.33250543 -0.26201001 -0.038916996 -0.57984645 0.067403181 -0.071040916 -0.11239152 0.033703074 0.10411527 -0.15401291 0.064834228 -0.83168169
0.18754502 0.55024879 -0.4913398 0.40521155 -0.83948802 -0.23703672 -0.24415379 0.12806171 0.19605157 0.19341033 0.14663799 -0.17381744 -0.074139661 0.2966655 -0.038976989 0.47768218 0.25443648 -0.99339935 0.15255853 -0.47960119 0.30646886 -0.2519352 -0.029555954 -0.54290141 0.029043542 -0.055975388 -0.08593013 0.044881063 0.071369907 -0.14161823 0.068664907 -0.79924286
0.18786078 0.60478623 -0.51337506 0.49093929 -0.90129613 -0.39810426 -0.21990179 0.07323947 0.11144379 0.1120702 0.18098241 -0.022309827 -0.1579852 0.3957251 0.052782685 0.46453721 0.28414954 -1.0263303 0.16062092 -0.52385975 0.36853238 -0.28848255 -0.054740751 -0.6144598 0.15699111 -0.05303692 -0.21365358 0.0045999035 0.16974739 -0.13737883 0.054314896 -0.85375795
0.19708207 0.57456932 -0.50674098 0.43354513 -0.88004779 -0.28282298 -0.23373015 0.11814947 0.18916726 0.18414206 0.1565921 -0.15064745 -0.11244552 0.33491588 -0.0079859154 0.48625752 0.2671056 -1.0220864 0.15568798 -0.49929855 0.3217216 -0.27177859 -0.036888548 -0.56225013 0.053446728 -0.047718172 -0.11373084 0.037304288 0.089935408 -0.13676894 0.073334598 -0.82455122
0.19364943 0.56276977 -0.49895074 0.41848966 -0.86132588 -0.259187 -0.23636047 0.12278677 0.19483361 0.191207 0.15043626 -0.16396121 -0.095614237 0.31652847 -0.023016231 0.48129764 0.26140847 -1.0092869 0.15341332 -0.48907191 0.3126784 -0.26244842 -0.032690699 -0.54973552 0.038283241 -0.049369099 -0.098729569 0.041640042 0.078153364 -0.13720053 0.071525333 -0.81073725
0.19093472 0.55964888 -0.49649893 0.41729841 -0.85489422 -0.25884225 -0.23817335 0.12197219 0.19059267 0.1875914 0.1508294 -0.16036189 -0.091737158 0.31383564 -0.023856059 0.47903455 0.25940371 -1.0025807 0.15369099 -0.48700622 0.31313703 -0.26027705 -0.033066156 -0.55017869 0.041294602 -0.052062582 -0.09961265 0.040731153 0.080736533 -0.13875972 0.069966247 -0.80829158
0.16947326 0.54500256 -0.48727366 0.4004769 -0.81185297 -0.22583555 -0.26941797 0.12513599 0.17173055 0.17856963 0.14848715 -0.1542213 -0.029362121 0.27242465 -0.064197774 0.47023322 0.24853522 -0.98184253 0.15811934 -0.47763311 0.32019727 -0.23596389 -0.028245425 -0.56032858 0.043183385 -0.07865874 -0.09125855 0.040335614 0.083809126 -0.15772818 0.051796248 -0.80553832
0.15327245 0.47639746 -0.46065777 0.27413643 -0.70719817 0.043002779 -0.34423847 0.21148462 0.28096479 0.28169368 0.095947329 -0.35642627 0.16291345 0.086405489 -0.25545794 0.48712824 0.21520831 -0.96601063 0.14731433 -0.42201813 0.24775769 -0.15540582 0.0178724 -0.49447659 -0.12801372 -0.108856 0.077373664 0.10188264 -0.055271381 -0.18909482 0.049802186 -0.74700265
0.18566897 0.56632787 -0.4993609 0.43236788 -0.85698553 -0.28284224 -0.24464591 0.11478712 0.16971844 0.16549583 0.15873727 -0.13192579 -0.093876629 0.32374346 -0.013842232 0.47912259 0.26057956 -1.0038778 0.15530985 -0.49745432 0.33052482 -0.26386768 -0.037512753 -0.57129148 0.071795636 -0.062101965 -0.12466403 0.031335917 0.10402156 -0.14568394 0.064318814 -0.82045298
0.17426801 0.55745957 -0.50498953 0.41379045 -0.83726368 -0.22437214 -0.29065809 0.14145123 0.18517875 0.18264082 0.15790913 -0.1793295 -0.026925321 0.27758552 -0.066952668 0.50044262 0.25009706 -1.0071466 0.16467359 -0.49587971 0.3301036 -0.24582099 -0.031349788 -0.58600052 0.045981272 -0.090763214 -0.084453993 0.04359438 0.087118557 -0.17186539 0.061591104 -0.8348164
0.17819999 0.54999438 -0.49586114 0.40219351 -0.83045857 -0.21364797 -0.27355571 0.14008088 0.19555603 0.19007543 0.14951179 -0.18492517 -0.036448918 0.27411195 -0.066569023 0.48908642 0.2511948 -0.99948997 0.15683295 -0.48430888 0.31437577 -0.24161085 -0.027327425 -0.5634728 0.031846209 -0.07628146 -0.07909125 0.047134647 0.072194506 -0.15988824 0.06389968 -0.81263257
0.1650119 0.53773364 -0.49186063 0.38581613 -0.80366876 -0.17871941 -0.29980152 0.15056048 0.19506886 0.19404231 0.14778649 -0.20268474 0.0090130663 0.241819 -0.09869413 0.49225435 0.24052932 -0.98582806 0.16115828 -0.47735975 0.31441093 -0.2260673 -0.023444756 -0.56734057 0.020972557 -0.095399312 -0.057795532 0.050431923 0.065080644 -0.17447558 0.057107308 -0.8118905
0.17724155 0.53350837 -0.48684328 0.37681666 -0.80889289 -0.16555073 -0.27887068 0.15492078 0.21791771 0.20896814 0.13844624 -0.2211449 -0.0099305946 0.2423703 -0.096161358 0.48762561 0.24563508 -0.98904955 0.15264721 -0.46801736 0.29325767 -0.22604863 -0.019133966 -0.5432188 -0.0014365847 -0.07535909 -0.04780846 0.05998666 0.044064441 -0.16081251 0.066444123 -0.79191215
0.19688978 0.53680693 -0.50286071 0.35665104 -0.83828852 -0.10505422 -0.28667057 0.19052133 0.28598569 0.26916463 0.12881701 -0.31762265 -0.0015080571 0.22451797 -0.12679107 0.52234967 0.24798537 -1.0261661 0.15438948 -0.46744803 0.26489898 -0.22893042 -0.009945615 -0.52292262 -0.072918273 -0.063154111 0.017229126 0.085841962 -0.010467535 -0.15896411 0.089312793 -0.7992725
0.19141926 0.53959947 -0.48897124 0.38722852 -0.83392984 -0.19555751 -0.24973208 0.14812203 0.22655595 0.21391113 0.14057561 -0.21715785 -0.059736064 0.275062 -0.061074686 0.48637314 0.25319826 -0.99062509 0.1510995 -0.46590693 0.28151089 -0.24107517 -0.024479654 -0.5292023 -0.0022185647 -0.051618863 -0.053391854 0.060688058 0.043445343 -0.14328955 0.079798135 -0.78557145
0.17568333 0.60132517 -0.48809906 0.51832785 -0.88794489 -0.50884901 -0.16373444 0.016381009 0.039630134 0.045396176 0.19495146 0.10513804 -0.23722469 0.45969194 0.13876272 0.40947203 0.2894589 -0.96222182 0.15516655 -0.50564846 0.37360595 -0.29642011 -0.073201775 -0.60651606 0.24122583 -0.027400211 -0.29485192 -0.028729514 0.22779488 -0.10821425 0.044430375 -0.81799312
0.1695983 0.61177348 -0.50259862 0.53998574 -0.89749309 -0.53048524 -0.19244493 0.019717282 0.02073857 0.028888759 0.21057057 0.11501237 -0.22500213 0.46757464 0.14297116 0.43055381 0.28547117 -0.97085216 0.16727725 -0.5266881 0.40163052 -0.30585404 -0.081024675 -0.64558349 0.26950689 -0.054047765 -0.30622995 -0.035865267 0.25726999 -0.12962039 0.042011759 -0.85406981
0.19477342 0.58347358 -0.482346 0.48860088 -0.8842904 -0.44359294 -0.1541936 0.046656452 0.09835056 0.088863714 0.17684969 0.02684592 -0.23350515 0.43125593 0.11280601 0.42062577 0.28791654 -0.9664293 0.14499555 -0.48834947 0.33234804 -0.2893328 -0.061643477 -0.56687091 0.17627807 -0.010015185 -0.2421051 -0.00084393329 0.17604422 -0.10034589 0.064829333 -0.78860584
0.20708909 0.58801366 -0.49995761 0.47925067 -0.90826993 -0.39987785 -0.17435323 0.078152197 0.14611449 0.12991895 0.17472521 -0.051191634 -0.21958756 0.41735819 0.088812616 0.45894326 0.28464528 -0.9978618 0.14936592 -0.49875473 0.32381268 -0.29659504 -0.056609425 -0.56577137 0.1301848 -0.014342576 -0.19322652 0.015235774 0.14388908 -0.10880957 0.081797508 -0.80823178
0.20681597 0.59696987 -0.52740321 0.48195424 -0.92331638 -0.35260703 -0.23597845 0.11865064 0.17370742 0.15242603 0.18410052 -0.11923527 -0.16123189 0.38604715 0.041778496 0.51239409 0.27872359 -1.0355133 0.16585049 -0.52163534 0.33775851 -0.29586971 -0.054699814 -0.60761817 0.10821274 -0.052794255 -0.15173855 0.031063933 0.13577443 -0.14719212 0.089652544 -0.85824964
0.19289521 0.60542607 -0.51421045 0.48838603 -0.91160392 -0.40041456 -0.208042 0.074787974 0.12422405 0.12323187 0.18173297 -0.031228577 -0.17488682 0.40495912 0.06105572 0.46478724 0.28869624 -1.0235951 0.16221992 -0.51366285 0.35123113 -0.28874298 -0.05627503 -0.60249778 0.14559557 -0.038006891 -0.20283825 0.0095501021 0.15898165 -0.12812961 0.063398093 -0.8459837
0.21146191 0.57517838 -0.51529356 0.43582514 -0.89869897 -0.27027486 -0.23386429 0.14056417 0.22163722 0.2001068 0.16002787 -0.1895503 -0.12654794 0.33808261 -0.0064518605 0.5090975 0.27195286 -1.0325228 0.15615163 -0.49741559 0.30123531 -0.27566683 -0.03762451 -0.56077009 0.035759242 -0.040574615 -0.092817791 0.052499679 0.076506056 -0.13861176 0.093898267 -0.82427543
0.20151959 0.59645941 -0.52701183 0.46162393 -0.9115804 -0.31103476 -0.24790072 0.12405429 0.18493464 0.17308629 0.17274413 -0.13798186 -0.12032191 0.35444804 0.001007889 0.50769139 0.27966518 -1.0506166 0.16509437 -0.51639438 0.33368566 -0.27967165 -0.043942851 -0.59955061 0.079110901 -0.055373741 -0.13137635 0.037694257 0.11169499 -0.14933695 0.078658176 -0.85759608
0.19760082 0.56675102 -0.51331249 0.41835818 -0.87485749 -0.23113607 -0.26229062 0.15006165 0.221818 0.20725394 0.15654575 -0.20731151 -0.074890273 0.30281184 -0.045399592 0.51133839 0.26361644 -1.0274293 0.1610836 -0.49215761 0.3033606 -0.25840432 -0.032084009 -0.56632055 0.02172662 -0.059445936 -0.07130773 0.056153822 0.06597504 -0.15331165 0.084192759 -0.82792201
0.20260521 0.54855388 -0.50759512 0.3934885 -0.85709654 -0.17210293 -0.27344563 0.17595753 0.25664189 0.23131744 0.14451825 -0.2666515 -0.048390495 0.26740548 -0.077326457 0.52347114 0.2541079 -1.024388 0.1542512 -0.48442605 0.28490329 -0.24919204 -0.022531538 -0.54796415 -0.018845729 -0.064288628 -0.032013906 0.072557184 0.034246937 -0.15927289 0.092766722 -0.8115296
0.2061301 0.53682137 -0.4914153 0.37917151 -0.84622026 -0.17532891 -0.23944274 0.16319244 0.26040011 0.23818446 0.13451213 -0.25927462 -0.075167555 0.27454873 -0.061275159 0.49901422 0.25379354 -1.0008095 0.14529274 -0.46426149 0.26373272 -0.24716653 -0.020466333 -0.50995319 -0.032816569 -0.038876508 -0.02940596 0.07184354 0.019775051 -0.1356857 0.094565771 -0.77646653
0.20288606 0.55219817 -0.50392102 0.39759401 -0.85998613 -0.1949887 -0.2556814 0.16059452 0.24475172 0.22529439 0.14378243 -0.24085593 -0.067863516 0.28272777 -0.060453822 0.50913777 0.25778296 -1.0208991 0.15177142 -0.48255952 0.2868205 -0.25292871 -0.024081617 -0.54019571 -0.0093897392 -0.05323362 -0.047991621 0.065250658 0.040659194 -0.14764504 0.088379713 -0.80538909
0.19459149 0.54005533 -0.49110911 0.39483025 -0.8356434 -0.20391979 -0.25162211 0.15044591 0.22407742 0.2076117 0.14324752 -0.21707676 -0.066151084 0.28008087 -0.053022067 0.49359942 0.25028604 -0.99284072 0.1489355 -0.4756978 0.2906634 -0.2489232 -0.025751954 -0.5356945 0.0063897773 -0.058199445 -0.060405385 0.057979039 0.053497346 -0.14721776 0.081200967 -0.79056615
0.16959449 0.53316698 -0.49647859 0.37426228 -0.7999348 -0.13528957 -0.31881435 0.17391134 0.2214474 0.21260696 0.14191207 -0.24884349 0.03707634 0.21479974 -0.12919912 0.51114855 0.23640404 -1.0016206 0.15854999 -0.48228651 0.31027038 -0.22143354 -0.015837328 -0.56798704 -0.0059429978 -0.10632603 -0.031320521 0.062627683 0.045818615 -0.18595291 0.061579995 -0.81595827
0.11456531 0.45946822 -0.45765519 0.26403048 -0.64735227 0.089879595 -0.4236221 0.22986277 0.24670543 0.24824725 0.10533218 -0.35485863 0.27061394 0.022651492 -0.31823736 0.50163484 0.19096457 -0.94357137 0.15606917 -0.43197611 0.28411751 -0.1265971 0.021152042 -0.54738777 -0.096326123 -0.17823114 0.079675571 0.093148767 -0.029313788 -0.24110455 0.024263205 -0.76947832
0.16447779 0.55028696 -0.4937754 0.39588342 -0.81352238 -0.19541386 -0.29301273 0.14132048 0.18573407 0.17839515 0.14806903 -0.1761752 -0.0020890164 0.25205332 -0.092069208 0.48676772 0.2481831 -1.0046354 0.15207289 -0.49016113 0.32828457 -0.22931621 -0.02148018 -0.57722849 0.044050036 -0.092544764 -0.088709972 0.039427621 0.07504141 -0.17042157 0.049654935 -0.81575206
0.16048002 0.54610733 -0.49240775 0.39681393 -0.80371674 -0.19604514 -0.30120417 0.14096086 0.17616942 0.17310203 0.14995431 -0.17133694 0.009145374 0.24681325 -0.095045024 0.48633487 0.24402332 -0.99588565 0.15599968 -0.4898277 0.33335471 -0.22741795 -0.023092796 -0.58308547 0.048662024 -0.10191629 -0.088519026 0.039321715 0.082970888 -0.17717712 0.046435655 -0.81896276
0.18047992 0.54150173 -0.48556327 0.39668216 -0.82111896 -0.21634777 -0.25656607 0.13454039 0.19553112 0.1868965 0.14413813 -0.18036501 -0.05260355 0.27751442 -0.055081131 0.47804438 0.24798044 -0.98546932 0.14809928 -0.47887092 0.30880431 -0.24351036 -0.025957092 -0.54589235 0.031291505 -0.067461841 -0.083994875 0.044092722 0.069555105 -0.14970838 0.06466707 -0.79282012
0.1689385 0.47334265 -0.45889838 0.27965412 -0.7296654 0.01451028 -0.31069691 0.20899315 0.29881146 0.28953526 0.09821705 -0.37370357 0.096641505 0.12502672 -0.20571126 0.49426883 0.2104596 -0.95272255 0.14043173 -0.42301062 0.23638229 -0.18134495 0.011380337 -0.46856926 -0.13293139 -0.085757364 0.081915757 0.096916436 -0.059568364 -0.16780748 0.071235522 -0.73206467
0.19589536 0.54013768 -0.4854841 0.40199013 -0.83912665 -0.23116738 -0.23294448 0.13670195 0.21220586 0.19492554 0.14469476 -0.19269564 -0.094812186 0.30023823 -0.027153047 0.48168752 0.2518845 -0.98113575 0.1461211 -0.47354893 0.29112247 -0.2557622 -0.030326261 -0.52984037 0.022560728 -0.047681536 -0.078786885 0.050802383 0.063557202 -0.13680225 0.082365407 -0.78188894
0.19514434 0.53224551 -0.4844976 0.37351843 -0.82781027 -0.17231295 -0.2454997 0.15413276 0.24306182 0.22816131 0.13139468 -0.24367395 -0.057646072 0.2642502 -0.069093423 0.4879197 0.24685003 -0.99141208 0.14322692 -0.46596812 0.27712356 -0.24256309 -0.018391531 -0.51126706 -0.023856341 -0.048740434 -0.037897737 0.062663365 0.025787808 -0.13834114 0.08160233 -0.77462332
0.19084845 0.539842 -0.49940416 0.33833965 -0.82588889 -0.070079074 -0.29107984 0.18833885 0.29043956 0.28057693 0.11444272 -0.31940807 0.033795275 0.19572613 -0.1645969 0.50902899 0.2517947 -1.0474358 0.14606406 -0.4670861 0.26777631 -0.21319963 0.003258481 -0.51458412 -0.091022334 -0.062782307 0.01946334 0.085830693 -0.030694291 -0.15649235 0.072100267 -0.79458148
0.1958725 0.58448606 -0.52373041 0.42090776 -0.89329965 -0.23636952 -0.26482447 0.1396474 0.21804773 0.21834664 0.15403924 -0.20233324 -0.069130371 0.30839313 -0.051905503 0.51120741 0.26772924 -1.057277 0.1642566 -0.50658905 0.32161995 -0.26478372 -0.029367498 -0.5714783 0.016327662 -0.058551373 -0.074599723 0.048325606 0.062172597 -0.14948328 0.073598017 -0.85059583
0.19214268 0.56869446 -0.52054875 0.39766355 -0.86886917 -0.17968254 -0.28942602 0.16218508 0.23878039 0.23782315 0.14585061 -0.24919184 -0.022375405 0.26680931 -0.093427443 0.52204401 0.25707644 -1.0529705 0.1644163 -0.4996847 0.31224916 -0.25012205 -0.020902714 -0.56524534 -0.016887912 -0.074213844 -0.037210043 0.061722985 0.03929858 -0.16335172 0.073599334 -0.84505655
0.19931462 0.60070453 -0.52434711 0.45915254 -0.91333242 -0.31697526 -0.23811649 0.11240232 0.17919168 0.17251198 0.16810086 -0.1255874 -0.12662913 0.35933535 0.004627677 0.49707558 0.28036081 -1.0557802 0.16017613 -0.5196845 0.3407545 -0.28210933 -0.04153789 -0.59225499 0.081091016 -0.049078474 -0.14119372 0.029211352 0.109429 -0.14028376 0.071385996 -0.85519279
0.16799012 0.45871926 -0.44738481 0.25685184 -0.70847573 0.046526311 -0.30468901 0.21190862 0.3104534 0.30610538 0.086249615 -0.39115825 0.11304849 0.10272119 -0.22495512 0.4814548 0.20697414 -0.93845209 0.13714424 -0.40424149 0.21706756 -0.16800482 0.018040181 -0.4425897 -0.16237838 -0.078216155 0.1046223 0.10608716 -0.082638033 -0.16145702 0.069548964 -0.70893803
0.15640657 0.56178544 -0.50562352 0.42439294 -0.82368018 -0.24385245 -0.31118554 0.12969875 0.14891765 0.15380436 0.16672307 -0.14054592 -0.0047466917 0.27581278 -0.069033746 0.49639146 0.24456255 -1.001133 0.16880359 -0.50802734 0.3602191 -0.24332829 -0.034763365 -0.61453863 0.084129147 -0.11449146 -0.1114992 0.026510145 0.11703129 -0.18589516 0.044222524 -0.85193772
0.17982271 0.54999445 -0.50842423 0.36464407 -0.83147883 -0.11807484 -0.30810075 0.17463174 0.25104982 0.25206339 0.13240374 -0.27920751 0.031691936 0.21814003 -0.14167795 0.51530416 0.24687732 -1.0406245 0.15969641 -0.48455422 0.30106785 -0.22558821 -0.0090204618 -0.55033379 -0.046757997 -0.08487486 -0.0074616916 0.069166823 0.011758972 -0.17059483 0.064198669 -0.82628777
0.14379266 0.52508234 -0.47211583 0.40897213 -0.76717731 -0.25325902 -0.29137374 0.11386628 0.11991234 0.12653881 0.1625323 -0.108941 -0.013283115 0.26972003 -0.047605479 0.46273023 0.22554395 -0.92549474 0.16027662 -0.48063434 0.34914474 -0.23409573 -0.038153685 -0.58527838 0.10122354 -0.11464374 -0.12104311 0.017600422 0.1313162 -0.17762949 0.038975102 -0.80188149
0.15570699 0.44310545 -0.4393699 0.24400007 -0.67427308 0.078784865 -0.32969593 0.22267727 0.30449299 0.29809101 0.084080766 -0.39920649 0.15730774 0.068385758 -0.25494471 0.48171761 0.19641866 -0.92134653 0.13655218 -0.39913934 0.21965145 -0.15149265 0.022323873 -0.45009526 -0.16205769 -0.1007647 0.11345868 0.10894318 -0.081671179 -0.17872581 0.061512625 -0.70265689
0.17729982 0.54081655 -0.49379261 0.39191986 -0.81962897 -0.19256611 -0.28157942 0.15034601 0.2059648 0.19960867 0.14731928 -0.20861829 -0.022887242 0.26008589 -0.078043312 0.49566725 0.2439152 -0.99154012 0.15681676 -0.48036489 0.3086471 -0.23823346 -0.024916549 -0.55705801 0.016726531 -0.082033594 -0.059781361 0.051792352 0.062843215 -0.16418598 0.06667847 -0.80754781
0.15805973 0.57326041 -0.49626186 0.45370544 -0.83063474 -0.32380158 -0.26886186 0.09161631 0.10379829 0.10849771 0.17345273 -0.046383003 -0.062854246 0.32274273 -0.014325919 0.46131224 0.2600511 -0.99035216 0.16000444 -0.5087582 0.37086654 -0.25236794 -0.043437659 -0.61794694 0.14404373 -0.093788146 -0.18306657 0.0068020873 0.15898432 -0.16576354 0.03461197 -0.83805998
0.15801021 0.56382871 -0.51362521 0.41447614 -0.82239791 -0.19661531 -0.33671407 0.15356582 0.17309688 0.16984311 0.16180562 -0.17769626 0.036280974 0.24288005 -0.11207627 0.51362873 0.24781547 -1.0283109 0.16789929 -0.51222467 0.35579246 -0.23034627 -0.02555618 -0.62515993 0.06156515 -0.12642609 -0.090725109 0.04067567 0.097881098 -0.20106636 0.044267736 -0.86152761
0.16995243 0.58580772 -0.51143377 0.42829571 -0.85672867 -0.26258465 -0.27429288 0.11056292 0.15651248 0.17196564 0.15742486 -0.1143662 -0.033897442 0.29695604 -0.062877088 0.4742553 0.27165447 -1.0399872 0.16524052 -0.50262358 0.34658633 -0.24284054 -0.029910199 -0.5963107 0.069323943 -0.075896145 -0.12677249 0.030437762 0.10044269 -0.15843943 0.039687716 -0.84946511
0.1864797 0.57356113 -0.51297092 0.4405947 -0.87021414 -0.27333377 -0.26976603 0.13118633 0.17902266 0.16783235 0.16642835 -0.15412421 -0.078452426 0.31876076 -0.025450764 0.50418664 0.26043361 -1.021568 0.16236721 -0.51021949 0.33840982 -0.26664965 -0.039290975 -0.59580616 0.073253854 -0.077814026 -0.11569692 0.036208314 0.10693754 -0.16254843 0.070269727 -0.84482851
0.2050768 0.56121014 -0.49444745 0.42008743 -0.87610951 -0.27403098 -0.20750519 0.12064744 0.2101046 0.19312492 0.14903318 -0.16970374 -0.14265948 0.34012936 0.0072223718 0.47947688 0.2640776 -1.0031973 0.14379116 -0.48495778 0.29752151 -0.27390313 -0.034785948 -0.52936454 0.036925122 -0.02658709 -0.10259877 0.04027117 0.070437133 -0.11906121 0.085951495 -0.79150942
0.20460362 0.55823772 -0.49195384 0.42530531 -0.87205436 -0.28651337 -0.20517666 0.1175496 0.20121943 0.18358302 0.1521548 -0.158561 -0.14976658 0.34605465 0.017710216 0.4773119 0.26231391 -0.99275903 0.14440401 -0.48444202 0.29964197 -0.27625312 -0.038019869 -0.53190278 0.047912855 -0.028690452 -0.11033045 0.038125076 0.081055836 -0.12006932 0.086535756 -0.78933794
0.19986217 0.55396317 -0.50113075 0.41691721 -0.86498789 -0.24528929 -0.24342378 0.14313248 0.21742437 0.19767269 0.15490223 -0.20187705 -0.10342585 0.31535816 -0.018951342 0.50280875 0.25504035 -1.0002523 0.15361808 -0.48762048 0.30002455 -0.26708 -0.035229757 -0.54912132 0.029000379 -0.052632848 -0.077757711 0.049954067 0.070928311 -0.14343202 0.089578358 -0.80712519
0.18126131 0.56543749 -0.50531276 0.4186196 -0.84816289 -0.23205488 -0.27557955 0.13758929 0.18929076 0.17958046 0.15456262 -0.16747309 -0.043713278 0.2858158 -0.061245705 0.49456792 0.2602576 -1.0234869 0.15594576 -0.49915427 0.32772097 -0.24726643 -0.028417645 -0.58280963 0.05097016 -0.078384216 -0.10138935 0.042880951 0.08547421 -0.16308281 0.061316401 -0.82926805
0.17518586 0.52258151 -0.46561273 0.41137948 -0.79773071 -0.27051155 -0.23366112 0.11521235 0.15787304 0.14241821 0.15486191 -0.12673382 -0.095401027 0.30631655 -0.002140109 0.45711953 0.23945147 -0.9246859 0.14565308 -0.46576411 0.3075503 -0.25004116 -0.039884112 -0.54273093 0.08013651 -0.065421061 -0.11931732 0.03118938 0.10853272 -0.14393518 0.068811209 -0.76505932
0.14795019 0.54050631 -0.49064629 0.39563722 -0.78595596 -0.18860019 -0.32313411 0.14317525 0.16104904 0.16097055 0.1546365 -0.163101 0.039111942 0.23127525 -0.11004538 0.48655355 0.23873581 -0.98265944 0.16299633 -0.48699914 0.34009219 -0.21682269 -0.024934004 -0.59960342 0.060602807 -0.12011057 -0.088396304 0.038590407 0.093416827 -0.1921509 0.039745071 -0.82520717
0.1758093 0.52812472 -0.4811449 0.36213848 -0.79895047 -0.14008073 -0.27789515 0.15804287 0.22811252 0.21795813 0.12953972 -0.23401299 0.0034464844 0.22573412 -0.11350148 0.4816546 0.24465557 -0.99019732 0.14676052 -0.46195272 0.28573734 -0.21749056 -0.012517527 -0.53065787 -0.017502971 -0.071907691 -0.038055848 0.063209378 0.027020382 -0.15756156 0.063506286 -0.78009299
0.15541799 0.5291042 -0.49492798 0.32640871 -0.77374911 -0.033532084 -0.35169171 0.19123832 0.25119905 0.25766601 0.11817629 -0.29838624 0.13342456 0.13982631 -0.22508479 0.50321409 0.23906611 -1.0295494 0.16023267 -0.46414935 0.29304306 -0.17988004 0.0064025571 -0.55373142 -0.071545 -0.11245833 0.020774316 0.082239234 -0.012691895 -0.19455861 0.042246085 -0.81337397
0.15706273 0.4959167 -0.47681388 0.28181326 -0.73245223 0.04993241 -0.35732176 0.21859071 0.29227738 0.29016456 0.096990474 -0.36837078 0.17228603 0.085893589 -0.26999732 0.50352217 0.22356542 -1.0080686 0.1477466 -0.44124133 0.26076929 -0.15969665 0.021587983 -0.51293066 -0.13055425 -0.11319572 0.075003539 0.10204287 -0.060021842 -0.19507084 0.048051512 -0.77322473
0.1900543 0.55630537 -0.48301496 0.40974319 -0.84740951 -0.26536672 -0.21195152 0.10531326 0.18391956 0.18167276 0.1420162 -0.13434009 -0.1081506 0.31852653 -0.015672654 0.45139023 0.26541601 -0.99223784 0.14473346 -0.47329827 0.30209161 -0.2537102 -0.030507451 -0.52922472 0.043791315 -0.031823353 -0.11509622 0.037159254 0.074032683 -0.12082851 0.064710626 -0.78322831
0.1440386 0.49620444 -0.43533267 0.37289459 -0.73190674 -0.22941403 -0.24043591 0.10032676 0.13266975 0.12949867 0.14003338 -0.10058155 -0.038952488 0.25887746 -0.04200151 0.41485511 0.22657916 -0.8793152 0.13749436 -0.43642498 0.30173077 -0.2132574 -0.02951024 -0.52108483 0.079135105 -0.073210608 -0.11807075 0.021696434 0.096092666 -0.14230137 0.041200249 -0.72555651
0.21328471 0.55724782 -0.45579131 0.44022468 -0.8774222 -0.39137311 -0.096542344 0.049219657 0.15818051 0.13654356 0.14379187 -0.040155685 -0.27941195 0.42494169 0.12027202 0.39998122 0.27921186 -0.94768805 0.11611344 -0.46116395 0.28404057 -0.29306795 -0.046942414 -0.47679448 0.10350227 0.04083017 -0.19761307 0.0076717533 0.10449311 -0.054300752 0.083325741 -0.72041886
0.19585575 0.5114814 -0.46785414 0.29011081 -0.80286855 -0.034815727 -0.23506739 0.176011 0.32216443 0.31833399 0.08752605 -0.34559712 0.0041278728 0.18806843 -0.16001902 0.46711668 0.24823619 -1.0044123 0.13120679 -0.41803926 0.21134786 -0.19962258 0.012501057 -0.42884781 -0.15170532 -0.010933978 0.058763783 0.094804493 -0.089381801 -0.11140962 0.080287911 -0.723084
0.19724602 0.51703281 -0.46804105 0.29365768 -0.80245124 -0.036000424 -0.23265478 0.17263066 0.31665708 0.31299527 0.084914562 -0.32793504 0.010605117 0.1838555 -0.1682548 0.4589222 0.25731595 -1.0169565 0.12870237 -0.41834578 0.21215701 -0.19311616 0.015430028 -0.43393232 -0.14622949 -0.0087756249 0.044609952 0.097284041 -0.086178456 -0.11160673 0.073703654 -0.72318907
0.21726536 0.55398056 -0.49691941 0.35832875 -0.87233936 -0.14142155 -0.21754361 0.15948372 0.29556925 0.28333234 0.11378308 -0.28452123 -0.073840203 0.26616033 -0.088861118 0.48699802 0.27167459 -1.0490707 0.13826316 -0.45891549 0.24545559 -0.24055862 -0.0059740374 -0.47836849 -0.085232092 -0.005321541 -0.0089031592 0.081664559 -0.029982618 -0.11111685 0.0905054 -0.77236725
0.18396343 0.51428387 -0.47845528 0.28147453 -0.78046033 0.017886952 -0.28776522 0.1974354 0.32076438 0.3259786 0.085826799 -0.36139326 0.09330954 0.13282831 -0.23050335 0.48040084 0.249665 -1.0316591 0.14090237 -0.42389227 0.22353882 -0.17287064 0.022748101 -0.46158668 -0.16511012 -0.047006792 0.075940254 0.10865003 -0.092125919 -0.14510997 0.061872521 -0.74988385
0.16720447 0.48927631 -0.46468754 0.2488439 -0.72994305 0.084527304 -0.31952053 0.21324622 0.32432473 0.33364867 0.074484681 -0.38978808 0.1651413 0.073626313 -0.28669308 0.47513528 0.23489066 -1.0092632 0.14088754 -0.40746167 0.21618441 -0.1437608 0.033148398 -0.45572798 -0.19053203 -0.070575316 0.10786944 0.11881592 -0.1115782 -0.16317415 0.04995861 -0.73454155
0.16765491 0.48149179 -0.45642013 0.25122274 -0.71992208 0.069510426 -0.30757361 0.20710583 0.31473398 0.32195791 0.075392028 -0.3740614 0.14950676 0.081445204 -0.26994701 0.46618782 0.23217879 -0.9897071 0.1372856 -0.40209945 0.21343937 -0.14574325 0.03040796 -0.44870773 -0.17920672 -0.067283956 0.097334238 0.11554086 -0.10168191 -0.15857674 0.05094909 -0.72047339
0.14699513 0.50887336 -0.46038906 0.35127158 -0.74294509 -0.14578306 -0.28912535 0.13837291 0.17903818 0.18698053 0.131694 -0.17856465 0.043878615 0.20343169 -0.12587519 0.44837507 0.23376045 -0.93869518 0.15126083 -0.44082865 0.29286649 -0.19246552 -0.014074846 -0.53375708 0.011294048 -0.090107078 -0.054762882 0.050789502 0.051089446 -0.16557809 0.038497912 -0.76117833
0.18695764 0.48586363 -0.46645735 0.25771678 -0.75263439 0.066471043 -0.29539546 0.22255994 0.34893013 0.3413107 0.078564165 -0.41479682 0.11023534 0.10290526 -0.24845859 0.48989134 0.23527797 -1.0022353 0.13671657 -0.40640145 0.19754608 -0.16340994 0.026922188 -0.44001204 -0.19750203 -0.052090407 0.11610873 0.12520414 -0.11551834 -0.15134167 0.075853743 -0.72290744
0.19344791 0.50415207 -0.45241953 0.35751284 -0.79066679 -0.18619278 -0.20108778 0.13609074 0.23112947 0.21326323 0.123468 -0.20972794 -0.091367186 0.27046679 -0.041147416 0.44626343 0.24423248 -0.93010701 0.13059835 -0.42741047 0.24295925 -0.23041376 -0.019688214 -0.46620504 -0.019079199 -0.021013733 -0.048470545 0.061427157 0.024087295 -0.11285984 0.083539748 -0.71204291
0.16532466 0.48139017 -0.45275795 0.25381086 -0.71639358 0.0631078 -0.30345274 0.20433008 0.30879554 0.3100798 0.077226586 -0.35648238 0.14616668 0.082947561 -0.26752968 0.45880148 0.23737765 -0.98460374 0.13483335 -0.39627213 0.20820166 -0.13922634 0.029662265 -0.4518825 -0.16582803 -0.063612016 0.084256226 0.11486413 -0.096436032 -0.15747108 0.05004832 -0.71242989
0.19084367 0.51838854 -0.47233992 0.29803118 -0.7872276 -0.020862358 -0.26003462 0.18354621 0.30649848 0.30151424 0.088949142 -0.31704756 0.054066558 0.15821523 -0.1996281 0.46344543 0.2625337 -1.0261688 0.13349466 -0.41946677 0.21733445 -0.17561349 0.01816492 -0.4611604 -0.13508697 -0.029776174 0.038146221 0.10529841 -0.073785909 -0.1333056 0.064230529 -0.73462919
0.18396456 0.54508323 -0.4956979 0.3719937 -0.82205725 -0.14309499 -0.28126929 0.16304445 0.23703922 0.2294345 0.1321277 -0.23631009 0.0058115428 0.22991483 -0.12182517 0.4912672 0.25830901 -1.0229194 0.15198791 -0.46869714 0.28506157 -0.21805127 -0.011333102 -0.5423975 -0.024405513 -0.067966998 -0.037678422 0.070989154 0.024939809 -0.15972668 0.064537004 -0.7989238
0.15422286 0.52991546 -0.47010873 0.35242939 -0.761471 -0.1360338 -0.28488005 0.13297513 0.18514887 0.20163288 0.12104572 -0.17108745 0.056787069 0.19671651 -0.14925707 0.44160757 0.25085598 -0.98884599 0.14717564 -0.45223284 0.30068235 -0.18898629 -0.0041949082 -0.53607952 -0.003019599 -0.081198075 -0.064928753 0.054665365 0.038618961 -0.16013192 0.025714117 -0.77588488
0.10353741 0.49810068 -0.46382557 0.30869469 -0.67497008 -0.026394158 -0.39113322 0.16603912 0.16759042 0.20156251 0.12096371 -0.21369779 0.2270713 0.086138149 -0.26518492 0.45639159 0.21766291 -0.95553332 0.16761924 -0.44039415 0.31901507 -0.13542333 0.0068200193 -0.57544158 -0.020139297 -0.16036096 -0.0082245803 0.061917335 0.030432281 -0.22202449 -0.0050158776 -0.79502281
0.1970798 0.51445629 -0.45500881 0.34458806 -0.79270496 -0.15087434 -0.20117821 0.13763763 0.24493439 0.23287328 0.10783517 -0.21506017 -0.060611876 0.24445499 -0.081892424 0.43529146 0.25877874 -0.96887582 0.12487395 -0.42626666 0.23764011 -0.21433668 -0.0060607187 -0.45973618 -0.04617752 -0.012595314 -0.044781099 0.072099205 -0.0011088914 -0.10929591 0.070933019 -0.71273424
0.10308514 0.48321028 -0.44096679 0.30590684 -0.65928726 -0.062582001 -0.34735004 0.14074508 0.14934339 0.18293584 0.1178263 -0.17341238 0.17744317 0.11207681 -0.22131777 0.42267715 0.21506569 -0.91010331 0.15731673 -0.41973083 0.30424819 -0.13897302 0.0016377823 -0.5423958 -0.0027511149 -0.13483672 -0.0306676 0.050576577 0.038611449 -0.19580917 -0.0034282423 -0.75329666
0.14140878 0.50829645 -0.45825263 0.33514313 -0.72802535 -0.10516443 -0.3032443 0.14391671 0.18483602 0.1965296 0.12045875 -0.18675962 0.088029989 0.16886592 -0.16889939 0.4408901 0.23774552 -0.95507174 0.14856936 -0.43669777 0.29071572 -0.17287451 -0.0033519796 -0.53376515 -0.0068533309 -0.095761627 -0.046240163 0.058657045 0.033337895 -0.17186331 0.025963027 -0.75984404
0.17036296 0.51559046 -0.45084256 0.33577509 -0.76653218 -0.14147179 -0.22676134 0.12374151 0.21217388 0.2178687 0.10803007 -0.18238249 -0.0090046548 0.22047958 -0.11218941 0.41868952 0.2540376 -0.96215735 0.13111799 -0.42489586 0.25859235 -0.19509074 -0.0032624108 -0.47717419 -0.028861909 -0.033029529 -0.055423898 0.05888606 0.008295469 -0.12082966 0.044674903 -0.72306143
0.18495572 0.4517706 -0.43271308 0.21199388 -0.70205986 0.12314054 -0.26777154 0.22297412 0.36843186 0.35627586 0.051603483 -0.43282965 0.12394941 0.063400703 -0.27388122 0.45349925 0.22819627 -0.96477051 0.11498703 -0.36906721 0.15854456 -0.13713808 0.042248389 -0.38067996 -0.23801048 -0.030403753 0.13842377 0.13502935 -0.15710043 -0.13055749 0.071620935 -0.65571348
0.19685645 0.46340312 -0.42856405 0.22026312 -0.72592361 0.084094534 -0.2217097 0.1985195 0.36552441 0.35534682 0.046311336 -0.39939032 0.067687542 0.09999854 -0.23706964 0.42994066 0.24282569 -0.97282144 0.10634906 -0.36520246 0.15024176 -0.14859636 0.040614714 -0.35766466 -0.23237829 0.0055743276 0.1121462 0.1284572 -0.15901234 -0.10034341 0.073453277 -0.64059675
0.14808472 0.52160015 -0.44456008 0.36745636 -0.75542313 -0.23095878 -0.22170757 0.080026048 0.13443656 0.15910378 0.12791866 -0.081474092 -0.033309229 0.26219458 -0.059931196 0.39341643 0.24748331 -0.92442112 0.14039056 -0.43473283 0.30064611 -0.20746655 -0.020747922 -0.50630155 0.051304292 -0.047919058 -0.11913838 0.023089246 0.074691696 -0.12201358 0.024072698 -0.73694662
0.17687205 0.52411392 -0.44475869 0.37126257 -0.78551598 -0.24017945 -0.17966249 0.086013214 0.1708306 0.17759179 0.12113707 -0.10492296 -0.095167891 0.28922825 -0.028949056 0.39679416 0.25934043 -0.93807815 0.12742656 -0.43106012 0.27253787 -0.22352414 -0.019739874 -0.47571426 0.029344692 -0.011906033 -0.11552675 0.035009214 0.055019837 -0.097675746 0.047479816 -0.71521582
0.13781497 0.52080887 -0.45695769 0.37958484 -0.74047256 -0.20791888 -0.28020266 0.10639241 0.12435261 0.13924497 0.14037303 -0.09456531 0.026664374 0.23001372 -0.095771013 0.42520537 0.23968731 -0.9347551 0.15005735 -0.45501116 0.32633795 -0.19910489 -0.021737826 -0.55992235 0.07365423 -0.097216509 -0.11922571 0.028504741 0.099418673 -0.16583509 0.019316199 -0.77167974
0.1192572 0.51348762 -0.46466436 0.3379014 -0.70639089 -0.093106557 -0.34865401 0.14364073 0.15370351 0.17953081 0.12634967 -0.16559919 0.15378201 0.13919892 -0.20733954 0.44429595 0.23224073 -0.96357218 0.15906225 -0.44998367 0.32354083 -0.15820425 -0.0013792082 -0.57322747 0.014619546 -0.13430763 -0.05591064 0.050921033 0.054574641 -0.20043745 0.0016813329 -0.79058724
0.058307455 0.47920063 -0.43522635 0.30317259 -0.59583675 -0.032430753 -0.41952696 0.13773128 0.086935603 0.13086519 0.12297952 -0.11585516 0.29614068 0.047148125 -0.29285174 0.4100092 0.20593659 -0.90434406 0.16320498 -0.43072667 0.35248017 -0.098612412 0.0083529271 -0.60582271 0.051553174 -0.20013859 -0.066539707 0.035685251 0.077816318 -0.24417304 -0.050026088 -0.77826773
0.091185562 0.43748563 -0.43164231 0.19381696 -0.58088027 0.19988427 -0.43280522 0.22871464 0.26033007 0.28904124 0.068085393 -0.3726244 0.37573122 -0.068701909 -0.42145512 0.45275364 0.19213516 -0.93835869 0.14793053 -0.38649752 0.25084815 -0.065012322 0.050157412 -0.49924254 -0.16820722 -0.17037675 0.12547078 0.10981507 -0.09557372 -0.23312744 -0.010816352 -0.72492303
0.10445064 0.41467325 -0.41534537 0.17921981 -0.56578831 0.21704553 -0.40730919 0.23809187 0.2838545 0.29801052 0.057977459 -0.39942028 0.3501235 -0.072251499 -0.40939893 0.44682934 0.18664843 -0.91144756 0.13531356 -0.36861933 0.22119661 -0.065549787 0.052803567 -0.46321552 -0.19097553 -0.15335173 0.14184918 0.12152394 -0.11372783 -0.22018237 0.0049582131 -0.68502926
0.060599878 0.48119602 -0.44425221 0.29523008 -0.60963566 -0.017685823 -0.4274964 0.14558325 0.10583649 0.15934161 0.12288097 -0.15480051 0.3004628 0.046873204 -0.29857346 0.42559112 0.20016866 -0.91092248 0.17276769 -0.43166295 0.34892394 -0.10548355 0.0077521273 -0.5984289 0.021454951 -0.19945239 -0.031839802 0.040415467 0.059434617 -0.24375103 -0.042546286 -0.79180015
0.090167858 0.47463486 -0.44224664 0.28963542 -0.63040479 -0.0049438365 -0.39291043 0.16188599 0.15329413 0.18695247 0.11266502 -0.20289365 0.25109737 0.059866825 -0.27895534 0.43532403 0.20535247 -0.91874928 0.15950045 -0.42523343 0.31566082 -0.11918189 0.011167675 -0.5619391 -0.016158603 -0.16890912 -0.01003746 0.058416805 0.029923633 -0.22399856 -0.015644931 -0.7658301
0.096046725 0.47719187 -0.44422033 0.29308261 -0.63826332 -0.010267468 -0.38638417 0.16186908 0.15749725 0.19038566 0.11219468 -0.20483832 0.24022105 0.066575623 -0.27253698 0.43673344 0.20815409 -0.92419541 0.15899811 -0.42681139 0.31357825 -0.12373303 0.010652232 -0.55924211 -0.019261967 -0.16368839 -0.010630897 0.060647793 0.029077999 -0.2206727 -0.012239581 -0.76654496
0.058103994 0.46628535 -0.44302544 0.26975079 -0.58523208 0.051362325 -0.45772571 0.17433158 0.13328687 0.18262195 0.11283702 -0.21075079 0.35706312 -0.0032810526 -0.35131337 0.4405147 0.19103765 -0.91523892 0.17170084 -0.42644068 0.33848618 -0.087578386 0.019050271 -0.59475226 -0.017414303 -0.21765322 0.0094738819 0.057693917 0.031505172 -0.2611842 -0.042655672 -0.78821044
0.057092051 0.4098955 -0.41979911 0.1715644 -0.51382456 0.25135218 -0.49386004 0.24180845 0.23247179 0.27099498 0.069788194 -0.37991554 0.47205168 -0.13142607 -0.47764086 0.45474822 0.16493097 -0.89823741 0.15728178 -0.38064643 0.27051579 -0.036131217 0.053779435 -0.52408205 -0.16009848 -0.22500339 0.14505361 0.10701428 -0.083878635 -0.27207912 -0.032566567 -0.72916891
0.084246356 0.48211089 -0.45486855 0.29909722 -0.63821242 -0.0087485444 -0.4189366 0.16814209 0.14682259 0.18559586 0.12304668 -0.20898958 0.26945622 0.059334194 -0.28541471 0.4538613 0.20164168 -0.92696251 0.17163538 -0.43716685 0.33155435 -0.12283355 0.0067255364 -0.58755747 -0.0080149426 -0.18811946 -0.0043760511 0.05634434 0.04181345 -0.24026477 -0.016575264 -0.79432373
0.14368409 0.44809614 -0.44437114 0.20320215 -0.65734564 0.17704211 -0.36581461 0.24332774 0.33627084 0.3406746 0.063217907 -0.44411708 0.25454501 -0.0047611469 -0.35430626 0.47953424 0.20584613 -0.96623922 0.13670264 -0.38775169 0.20571842 -0.10951908 0.0458421 -0.44649984 -0.22079531 -0.10786518 0.15677041 0.12851469 -0.1363486 -0.19010821 0.041229985 -0.70777018
0.15262926 0.51440557 -0.46221694 0.34863104 -0.75057309 -0.13353283 -0.28488395 0.14171602 0.19159015 0.19294392 0.12498917 -0.1881943 0.042564382 0.19923599 -0.13396894 0.45013693 0.23805051 -0.96006297 0.14217618 -0.4486958 0.29452947 -0.19382576 -0.0078231122 -0.53007553 0.0037789175 -0.085347936 -0.058134122 0.05138528 0.040409439 -0.16174335 0.03750666 -0.7602916
0.14965634 0.50838091 -0.48214579 0.29430435 -0.73641214 0.032445725 -0.36584509 0.21087922 0.27253424 0.27249621 0.10380749 -0.33398616 0.18226376 0.089267869 -0.27364748 0.49912418 0.23253339 -1.0197154 0.15118644 -0.44675689 0.27292093 -0.15374564 0.019865885 -0.53616139 -0.10416272 -0.11944476 0.050238844 0.095931303 -0.042380047 -0.20151293 0.037881547 -0.78695159
0.18560825 0.52586454 -0.46930886 0.35885403 -0.7997792 -0.15525032 -0.23793553 0.14386727 0.23033448 0.21888885 0.12107285 -0.21037164 -0.031679504 0.24015027 -0.094590225 0.4551267 0.25665301 -0.9825101 0.13690993 -0.44398791 0.26265488 -0.21448579 -0.01075598 -0.50121553 -0.022218715 -0.040333074 -0.051531856 0.066475279 0.018757147 -0.13313793 0.06563323 -0.74885576
0.18810267 0.52069161 -0.46419717 0.35140244 -0.79713171 -0.1485678 -0.22792201 0.14460348 0.2394547 0.22418412 0.1166546 -0.21979595 -0.041195788 0.24007336 -0.091164146 0.45209971 0.25451035 -0.97688427 0.13089681 -0.43955511 0.25474043 -0.21525796 -0.0085558563 -0.48657013 -0.030929967 -0.032434583 -0.046201206 0.066435991 0.0089507755 -0.12553001 0.068974963 -0.73559349
0.13061302 0.52734509 -0.48205763 0.3676982 -0.74983194 -0.1348591 -0.34869741 0.15221491 0.16310338 0.16955058 0.14575924 -0.17816149 0.10190643 0.18331025 -0.16179262 0.47840752 0.23224391 -0.97313245 0.16365868 -0.47186665 0.33315302 -0.18807049 -0.014876689 -0.59628346 0.040563606 -0.13474006 -0.065188569 0.044357193 0.073895769 -0.20369934 0.0255987 -0.81515948
0.11472752 0.51399422 -0.47890872 0.34094106 -0.71653546 -0.075440404 -0.3853047 0.16777784 0.16891627 0.18561942 0.13874653 -0.20928805 0.17337857 0.13203265 -0.21812278 0.48131711 0.22171041 -0.96676814 0.17045326 -0.46141008 0.33034131 -0.16319063 -0.006113511 -0.59853054 0.012305674 -0.15772491 -0.029265246 0.053949829 0.054214403 -0.22252697 0.014085669 -0.81701056
0.084000787 0.49866088 -0.46760298 0.33155024 -0.66467493 -0.062339761 -0.4224156 0.16097529 0.12607189 0.15851025 0.14264648 -0.17705719 0.23875934 0.096214329 -0.24946414 0.46732291 0.20616807 -0.93245055 0.17880417 -0.45521348 0.35176021 -0.14011166 -0.0060360719 -0.62063975 0.037535573 -0.19485539 -0.036319943 0.043542273 0.077506851 -0.24663995 -0.011474553 -0.82008168
0.18427551 0.51241223 -0.46853791 0.3488415 -0.78431339 -0.12347219 -0.25873303 0.16372355 0.24385546 0.22673207 0.12076887 -0.2464259 -0.0062108383 0.21713569 -0.11378791 0.47086206 0.24583018 -0.97224122 0.13917829 -0.44181453 0.25770263 -0.2094812 -0.0089241359 -0.50321356 -0.037707154 -0.056339693 -0.025624733 0.075758238 0.011022765 -0.14749249 0.071535435 -0.74804251
0.15455592 0.51333556 -0.47712008 0.35015305 -0.75492015 -0.094221289 -0.32812973 0.17792805 0.21644485 0.20154594 0.13211694 -0.24174231 0.080087385 0.17344842 -0.16549806 0.4904001 0.23291303 -0.97742991 0.14951722 -0.46102618 0.29647126 -0.19073092 -0.0068196307 -0.55965749 -0.0072251093 -0.11329675 -0.030174518 0.066575537 0.035234063 -0.19167641 0.049423815 -0.78502683
0.15915547 0.52124446 -0.48603959 0.35593864 -0.77014772 -0.096721294 -0.33213421 0.18192899 0.22307059 0.20934654 0.13478896 -0.2512189 0.07766328 0.1789322 -0.16529103 0.50065258 0.23619025 -0.99213524 0.15402755 -0.467351 0.29863532 -0.19604639 -0.0080150189 -0.56625923 -0.012238585 -0.11339443 -0.025028011 0.069607518 0.034016729 -0.19384098 0.053193381 -0.7986549
0.16745572 0.51834551 -0.47812155 0.36146431 -0.77871279 -0.13099593 -0.2977165 0.16622104 0.21925248 0.20455723 0.13399315 -0.23581868 0.025604748 0.210852 -0.12289641 0.48856281 0.2349554 -0.97504245 0.14748797 -0.46421513 0.29375158 -0.21243061 -0.013259128 -0.5439808 -0.0050979522 -0.092535211 -0.037997656 0.061338529 0.038877387 -0.17293086 0.060732461 -0.78111598
0.17906547 0.51088546 -0.50615604 0.28441656 -0.78015827 0.086278028 -0.3786302 0.2592934 0.35251473 0.33730565 0.10152503 -0.45441485 0.17520811 0.082780095 -0.29001313 0.55523865 0.23172519 -1.0564335 0.15888518 -0.45226679 0.24225797 -0.16943933 0.022933914 -0.52300809 -0.17872369 -0.1113875 0.12740086 0.1287975 -0.092442937 -0.20628929 0.076484377 -0.80503827
0.19138417 0.50070876 -0.46828116 0.33763081 -0.78201393 -0.092849525 -0.26431295 0.18588988 0.27318567 0.24451064 0.11911466 -0.2917893 -0.0018891712 0.20386403 -0.12417246 0.48644892 0.24187453 -0.96490344 0.13968874 -0.43173767 0.23519958 -0.20587121 -0.0074553845 -0.49285777 -0.064174177 -0.054979226 0.0066208264 0.091306918 -0.0087613542 -0.1514245 0.087558045 -0.73792883
